0.999993 -0.00334063 -0.00149868 0.685348 0.00333676 0.999991 -0.002572 -0.00100687 0.00150726 0.00256698 0.999996 0.0109633
0.999982 -0.00539914 -0.00267362 1.54344 0.00539367 0.999984 -0.0020666 0.0455573 0.00268473 0.00205213 0.999994 0.0336803
0.999965 -0.00745667 -0.00385053 2.40151 0.00745067 0.999971 -0.0015661 0.0921186 0.00386209 0.00153735 0.999991 0.0563955
0.999942 -0.00951261 -0.00502912 3.25939 0.00950734 0.999954 -0.00107063 0.138667 0.00503907 0.00102276 0.999987 0.0791041
0.999914 -0.0115678 -0.00620995 4.11747 0.0115645 0.999933 -0.00057997 0.185225 0.00621623 0.000508105 0.999981 0.101817
0.99988 -0.0136219 -0.00739263 4.97551 0.0136216 0.999907 -9.42573e-05 0.231779 0.00739322 -6.45779e-06 0.999973 0.124527
0.99984 -0.0156744 -0.00857697 5.83337 0.0156783 0.999877 0.000386423 0.27832 0.00856986 -0.000520831 0.999963 0.147231
0.999795 -0.0177258 -0.00976325 6.69126 0.0177351 0.999842 0.000862181 0.324862 0.00974643 -0.00103516 0.999952 0.169935
0.999744 -0.0197764 -0.0109516 7.54929 0.0197922 0.999803 0.00133307 0.371408 0.0109231 -0.00154949 0.999939 0.19264
0.999688 -0.0218263 -0.0121421 8.40753 0.0218498 0.99976 0.00179913 0.417964 0.0120999 -0.00206388 0.999925 0.21535
0.999626 -0.0238746 -0.0133342 9.26558 0.0239068 0.999712 0.00226013 0.464508 0.0132764 -0.00257806 0.999909 0.238054
0.999558 -0.0259213 -0.0145277 10.1234 0.0259633 0.999659 0.00271603 0.511037 0.0144524 -0.00309203 0.999891 0.26075
0.999485 -0.0279671 -0.0157234 10.9814 0.0280202 0.999602 0.00316708 0.557575 0.0156286 -0.00360603 0.999871 0.28345
0.999406 -0.0300117 -0.0169208 11.8394 0.030077 0.999541 0.00361315 0.604109 0.0168046 -0.00411994 0.99985 0.306148
0.999345 -0.0319276 -0.0170056 12.6945 0.0319741 0.999486 0.00246715 0.649657 0.0169181 -0.00300928 0.999852 0.327664
0.999233 -0.0340904 -0.0192674 13.5549 0.0341815 0.999406 0.00441482 0.697103 0.0191054 -0.00507002 0.999805 0.351474
0.999121 -0.0357215 -0.0219444 14.4232 0.0358442 0.999344 0.00522244 0.746094 0.0217435 -0.00600443 0.999746 0.375365
0.999004 -0.0376234 -0.0239854 15.302 0.0378433 0.999245 0.008776 0.80122 0.0236371 -0.00967495 0.999674 0.400791
0.998954 -0.0389961 -0.0238782 16.1912 0.0392465 0.999179 0.0101089 0.853953 0.0234644 -0.0110355 0.999664 0.426354
0.998928 -0.0406126 -0.0222355 17.0894 0.0408405 0.999117 0.00989081 0.907408 0.0218142 -0.0107883 0.999704 0.453199
0.998895 -0.0421373 -0.0208092 17.9941 0.0423542 0.999052 0.0100976 0.958 0.020364 -0.0109678 0.999733 0.478902
0.998855 -0.0433383 -0.0202545 18.904 0.0435405 0.999005 0.00965159 1.01237 0.019816 -0.0105224 0.999748 0.503028
0.998766 -0.045045 -0.0209172 19.8173 0.0452568 0.998928 0.00975707 1.06465 0.0204552 -0.0106917 0.999734 0.527113
0.998691 -0.046167 -0.0220052 20.7338 0.0463566 0.998892 0.00818235 1.11767 0.0216031 -0.00919173 0.999724 0.551564
0.998682 -0.0469991 -0.0206174 21.6593 0.0471685 0.998857 0.00780889 1.17003 0.0202268 -0.0087711 0.999757 0.575881
0.998751 -0.0470461 -0.0168014 22.5921 0.0472096 0.99884 0.00946941 1.22674 0.0163364 -0.0102508 0.999814 0.602967
0.99884 -0.0463277 -0.0131068 23.5286 0.0464648 0.998866 0.0103515 1.28158 0.0126124 -0.0109485 0.999861 0.630786
0.998935 -0.0449528 -0.0103708 24.4699 0.0450513 0.99894 0.00946136 1.33327 0.00993446 -0.00991851 0.999902 0.653985
0.999009 -0.0435307 -0.00922582 25.4147 0.0436163 0.999005 0.00928264 1.3849 0.00881256 -0.00967585 0.999915 0.673136
0.999038 -0.0423097 -0.0115122 26.3616 0.0424198 0.999055 0.00949284 1.43604 0.0110997 -0.00997206 0.999889 0.691129
0.999008 -0.0412929 -0.0166711 27.3133 0.0414699 0.999086 0.0104117 1.48759 0.0162259 -0.0110927 0.999807 0.710609
0.998992 -0.0400601 -0.0202568 28.2712 0.0402657 0.999141 0.00983919 1.53696 0.0198452 -0.0106449 0.999747 0.731783
0.99904 -0.0393329 -0.0192728 29.2386 0.0394836 0.999192 0.00750416 1.58425 0.018962 -0.00825792 0.999786 0.7561
0.999112 -0.0396046 -0.014405 30.214 0.0396907 0.999196 0.00573905 1.63202 0.0141661 -0.0063057 0.99988 0.779704
0.999126 -0.0405339 -0.0101714 31.193 0.0405623 0.999174 0.00260359 1.67982 0.0100574 -0.0030139 0.999945 0.802767
0.999085 -0.0416056 -0.0099214 32.1714 0.0415571 0.999124 -0.00504187 1.71962 0.0101225 0.00462495 0.999938 0.821371
0.998972 -0.0432035 -0.0137152 33.1506 0.0430959 0.999039 -0.00805681 1.76641 0.0140501 0.00745747 0.999874 0.837671
0.998835 -0.0447204 -0.0181309 34.1338 0.0445904 0.998977 -0.00751979 1.82062 0.0184487 0.00670257 0.999807 0.858091
0.998718 -0.0466249 -0.0196985 35.1417 0.0464965 0.998895 -0.00692773 1.8791 0.0199998 0.00600293 0.999782 0.891845
0.998707 -0.0477027 -0.0175488 36.197 0.0475873 0.998843 -0.00693918 1.94274 0.0178595 0.00609511 0.999822 0.950442
0.998706 -0.0487166 -0.0145972 37.2401 0.0486666 0.998808 -0.00376133 2.00995 0.014763 0.00304606 0.999887 1.00091
0.998658 -0.0499961 -0.0135286 38.2824 0.0499541 0.998746 -0.00342629 2.07548 0.0136829 0.00274588 0.999903 1.04958
0.998633 -0.0510214 -0.0113693 39.3152 0.050995 0.998696 -0.002612 2.13958 0.0114878 0.00202865 0.999932 1.08888
0.998663 -0.051143 -0.007527 40.3511 0.0511209 0.998688 -0.00310781 2.20462 0.00767606 0.00271887 0.999967 1.12789
0.998649 -0.0515985 -0.00612072 41.3728 0.0516152 0.998664 0.00260645 2.27865 0.00597805 -0.00291886 0.999978 1.15606
0.998653 -0.0515572 -0.00575206 42.3945 0.0515779 0.998663 0.00349301 2.34912 0.00556428 -0.003785 0.999977 1.18391
0.998636 -0.0516928 -0.00739886 43.405 0.0517173 0.998657 0.00314679 2.41492 0.00722625 -0.00352514 0.999968 1.20607
0.998623 -0.0514536 -0.0102654 44.41 0.0515108 0.998658 0.00538256 2.48595 0.00997466 -0.00590393 0.999933 1.23261
0.998573 -0.0523402 -0.0105806 45.4101 0.0523993 0.998612 0.00538279 2.55049 0.0102842 -0.00592953 0.99993 1.26323
0.998518 -0.0536826 -0.0089675 46.4099 0.0537148 0.998551 0.00339081 2.61203 0.00877247 -0.00386748 0.999954 1.29145
0.998479 -0.0545547 -0.00801639 47.4046 0.0545851 0.998503 0.00361905 2.67918 0.00780695 -0.00405112 0.999961 1.32176
0.998445 -0.0548215 -0.0100987 48.3901 0.0548867 0.998473 0.00628952 2.75114 0.00973851 -0.00683403 0.999929 1.35004
0.998341 -0.0554916 -0.0153309 49.3681 0.0556 0.998431 0.00673254 2.82172 0.0149332 -0.00757377 0.99986 1.37571
0.998296 -0.0559632 -0.0165147 50.3486 0.0560871 0.9984 0.0071355 2.8888 0.0160889 -0.0080496 0.999838 1.40095
0.998323 -0.056306 -0.0134138 51.3302 0.0564017 0.998385 0.00686745 2.95366 0.0130054 -0.0076125 0.999887 1.43354
0.998341 -0.0566585 -0.0102242 52.3059 0.0567041 0.998382 0.00423221 3.01711 0.00996787 -0.00480495 0.999939 1.46077
0.998335 -0.0569588 -0.0091245 53.2766 0.0569876 0.998371 0.00292517 3.08158 0.00894301 -0.00344029 0.999954 1.48635
0.998319 -0.0571335 -0.00974045 54.239 0.0571356 0.998367 -6.26035e-05 3.14327 0.0097281 -0.000494031 0.999953 1.50872
0.998271 -0.0576939 -0.0112824 55.2028 0.0576582 0.998331 -0.00346365 3.20069 0.0114634 0.00280713 0.99993 1.5304
0.99821 -0.058873 -0.0104938 56.1609 0.0588229 0.998256 -0.00501447 3.26242 0.0107707 0.00438822 0.999932 1.55221
0.998181 -0.0599778 -0.00607685 57.1235 0.0599303 0.998173 -0.00772046 3.32328 0.0065288 0.00734223 0.999952 1.57185
0.998166 -0.0605304 -0.000543684 58.0846 0.0605227 0.998123 -0.00937638 3.3904 0.00111021 0.00932626 0.999956 1.58666
0.998132 -0.0610656 0.00168107 59.0363 0.0610772 0.998101 -0.00797293 3.46295 -0.00119101 0.00806072 0.999967 1.60071
0.998041 -0.0625637 -0.000828939 59.977 0.0625571 0.99802 -0.00650872 3.53081 0.0012345 0.00644411 0.999979 1.61649
0.997907 -0.0640434 -0.0089617 60.9017 0.0639971 0.997936 -0.00535206 3.59377 0.00928596 0.00476733 0.999946 1.63181
0.997764 -0.0651213 -0.0150564 61.8173 0.065057 0.997871 -0.00472077 3.65506 0.0153318 0.00373068 0.999876 1.65187
0.997689 -0.0663478 -0.0146184 62.7278 0.0663605 0.997796 0.000376195 3.72782 0.0145612 -0.0013454 0.999893 1.67572
0.997665 -0.0672163 -0.0120727 63.6265 0.0672663 0.997728 0.00378382 3.79614 0.0117909 -0.00458707 0.99992 1.70477
0.997593 -0.0685655 -0.0103838 64.5104 0.0686368 0.99762 0.00666968 3.86493 0.00990174 -0.00736633 0.999924 1.73352
0.997498 -0.0697948 -0.0112702 65.3788 0.0698737 0.997533 0.00676691 3.93053 0.0107701 -0.00753747 0.999914 1.75655
0.997391 -0.0714072 -0.0105993 66.2346 0.0714952 0.997408 0.00817378 3.99868 0.00998818 -0.00891026 0.999911 1.77927
0.997288 -0.0729012 -0.0100451 67.077 0.0729964 0.997288 0.00945635 4.06631 0.0093285 -0.010164 0.999905 1.80376
0.997178 -0.0745158 -0.00907765 67.9066 0.0746003 0.99717 0.00935161 4.13184 0.00835511 -0.0100024 0.999915 1.8268
0.997074 -0.0759813 -0.0083699 68.7245 0.076055 0.997064 0.00886698 4.1965 0.0076716 -0.00947761 0.999926 1.84724
0.996982 -0.0773781 -0.00628682 69.528 0.0774448 0.996934 0.0111451 4.26464 0.00540515 -0.0115983 0.999918 1.8676
0.996906 -0.0785802 -0.00193868 70.323 0.078599 0.996821 0.0130483 4.33364 0.000907177 -0.0131603 0.999913 1.88607
0.996758 -0.0804528 -0.000110498 71.1001 0.0804449 0.996639 0.0155083 4.397 -0.00113757 -0.015467 0.99988 1.90774
0.996627 -0.0819835 -0.00369157 71.8527 0.0820381 0.996458 0.0184744 4.46621 0.0021639 -0.0187149 0.999823 1.92911
0.996474 -0.083163 -0.0111024 72.584 0.0833648 0.996335 0.0191481 4.53164 0.00946925 -0.0200062 0.999755 1.95033
0.996273 -0.0846308 -0.0166883 73.2963 0.0849292 0.996223 0.0180633 4.5956 0.0150965 -0.0194133 0.999698 1.96807
0.996188 -0.0850963 -0.019165 73.9924 0.085453 0.996168 0.0186275 4.66079 0.0175064 -0.0201942 0.999643 1.98964
0.996177 -0.0858349 -0.0162416 74.6692 0.0861673 0.996059 0.0210086 4.72708 0.0143743 -0.0223277 0.999647 2.01704
0.996111 -0.0871272 -0.0131106 75.3251 0.0874025 0.995927 0.0221372 4.78852 0.0111284 -0.0231971 0.999669 2.04962
0.995959 -0.0884556 -0.0155477 75.9574 0.0887488 0.995867 0.0193036 4.84298 0.0137759 -0.0206054 0.999693 2.07625
0.995868 -0.0886576 -0.019683 76.5706 0.0888943 0.995975 0.0114954 4.88866 0.0185846 -0.0131976 0.99974 2.10007
0.995823 -0.0878405 -0.024902 77.1644 0.0880401 0.996092 0.0070315 4.93706 0.024187 -0.00919452 0.999665 2.12619
0.996044 -0.0850113 -0.0258828 77.7461 0.0852501 0.996325 0.00826837 4.99086 0.0250847 -0.0104422 0.999631 2.15196
0.996436 -0.0810871 -0.0232293 78.3161 0.0814265 0.99658 0.0140526 5.0466 0.0220104 -0.015894 0.999632 2.17927
0.99686 -0.076626 -0.0199479 78.8714 0.0768932 0.996955 0.0129855 5.08884 0.0188922 -0.0144785 0.999717 2.20307
0.997313 -0.0715632 -0.0156551 79.4151 0.0717057 0.997388 0.00873711 5.11707 0.0149889 -0.0098362 0.999839 2.22811
0.997899 -0.0638277 -0.011086 79.9456 0.0638839 0.997946 0.00478166 5.14288 0.010758 -0.00547983 0.999927 2.25346
0.998499 -0.0535647 -0.0114238 80.4583 0.053648 0.998535 0.00711001 5.17089 0.0110262 -0.0077122 0.99991 2.27372
0.999169 -0.0389713 -0.0119074 80.9592 0.0391218 0.999154 0.0126709 5.20284 0.0114036 -0.0131262 0.999849 2.29238
0.999716 -0.0210558 -0.0111922 81.4476 0.0212528 0.999616 0.0177745 5.22167 0.0108136 -0.0180073 0.99978 2.30954
0.999947 0.000196701 -0.0103436 81.9221 -2.13318e-05 0.999856 0.0169532 5.21774 0.0103455 -0.0169521 0.999803 2.32418
0.999633 0.0255698 -0.00897038 82.3837 -0.0254468 0.999584 0.0135686 5.19565 0.00931359 -0.0133353 0.999868 2.34055
0.998504 0.0542161 -0.00705151 82.8366 -0.0541281 0.998461 0.012115 5.16113 0.00769747 -0.0117152 0.999902 2.35617
0.996253 0.086346 -0.00502748 83.2824 -0.0862822 0.996202 0.0117503 5.11374 0.00602298 -0.0112725 0.999918 2.3708
0.992433 0.122728 -0.00368967 83.7191 -0.122678 0.992378 0.0116847 5.04807 0.00509558 -0.0111436 0.999925 2.38343
0.9866 0.163129 -0.00305657 84.1474 -0.163082 0.986541 0.0119127 4.96636 0.00495874 -0.0112546 0.999924 2.39388
0.978323 0.20707 -0.0023405 84.563 -0.20703 0.978265 0.0116508 4.86319 0.00470214 -0.0109137 0.99993 2.40603
0.967052 0.254565 -0.00271904 84.9629 -0.254506 0.966973 0.0137767 4.74039 0.0061363 -0.0126307 0.999902 2.42068
0.951993 0.306089 -0.00423977 85.3476 -0.305999 0.951917 0.0148242 4.59524 0.00857344 -0.0128152 0.999881 2.43443
0.932795 0.36037 -0.00517856 85.715 -0.360262 0.932731 0.0149986 4.42761 0.0102352 -0.012125 0.999874 2.44416
0.909361 0.415967 -0.00577767 86.0642 -0.415841 0.909303 0.0156097 4.23915 0.0117468 -0.0117922 0.999862 2.45094
0.881411 0.472302 -0.0068224 86.394 -0.472156 0.88137 0.0159887 4.03042 0.0135645 -0.0108713 0.999849 2.45685
0.849114 0.528134 -0.00895239 86.7015 -0.527993 0.849129 0.0142397 3.79823 0.0151222 -0.00736437 0.999859 2.46471
0.813457 0.581548 -0.00946583 86.991 -0.581415 0.813493 0.0136694 3.55115 0.0156498 -0.0056159 0.999862 2.47652
0.774774 0.632184 -0.00823464 87.264 -0.632085 0.774808 0.0119193 3.28677 0.0139155 -0.00402979 0.999895 2.48766
0.733398 0.679782 -0.00493696 87.5213 -0.679708 0.733399 0.0111048 3.00392 0.0111696 -0.00478858 0.999926 2.49489
0.689735 0.724051 -0.00391483 87.7575 -0.723996 0.689736 0.00973332 2.70742 0.00974762 -0.0038791 0.999945 2.50012
0.644494 0.764583 -0.00631743 87.9694 -0.764539 0.644525 0.00818458 2.39229 0.0103295 -0.000444999 0.999947 2.50423
0.598961 0.800702 -0.0110669 88.1598 -0.800709 0.599034 0.0049318 2.06772 0.0105783 0.00590739 0.999927 2.50938
0.55356 0.832749 -0.0100137 88.3386 -0.832741 0.553628 0.0061577 1.73874 0.0106717 0.0049302 0.999931 2.51713
0.507523 0.861617 -0.00611048 88.5079 -0.861573 0.507559 0.00877577 1.40151 0.0106628 0.00081071 0.999943 2.52341
0.463166 0.886258 -0.00498979 88.6596 -0.886196 0.463192 0.0104677 1.05413 0.0115883 -0.000426328 0.999933 2.52882
0.421779 0.906637 -0.0105348 88.7843 -0.90662 0.421867 0.00823002 0.697725 0.0119059 0.0060798 0.999911 2.53297
0.383165 0.9234 -0.0227301 88.8869 -0.923636 0.383271 0.00030968 0.325173 0.00899772 0.0208757 0.999742 2.53317
0.348453 0.936928 -0.0273224 88.9865 -0.937309 0.348478 -0.00399874 -0.0467188 0.00577474 0.0270029 0.999619 2.53534
0.31619 0.948342 -0.0259054 89.0933 -0.948667 0.316277 -0.000789749 -0.418265 0.00744434 0.0248253 0.999664 2.54007
0.285564 0.958218 -0.0164996 89.2039 -0.958298 0.285699 0.00645471 -0.790364 0.0108989 0.0139683 0.999843 2.55211
0.257185 0.966301 -0.010854 89.2997 -0.966269 0.2573 0.0110429 -1.17189 0.0134635 0.00764783 0.99988 2.56743
0.231965 0.97265 -0.0120295 89.3764 -0.972606 0.232112 0.0127407 -1.56885 0.0151844 0.00874453 0.999847 2.57806
0.208467 0.977865 -0.0179105 89.437 -0.977886 0.208715 0.0133137 -1.97565 0.0167572 0.0147389 0.999751 2.58524
0.188169 0.98175 -0.0275463 89.4858 -0.981851 0.188717 0.0188255 -2.39568 0.0236803 0.023504 0.999443 2.57699
0.168541 0.985216 -0.0307025 89.5407 -0.985197 0.169364 0.0265085 -2.82254 0.0313165 0.0257803 0.999177 2.57067
0.15087 0.988151 -0.0281941 89.6 -0.98803 0.151657 0.0282211 -3.26786 0.0321626 0.0235989 0.999204 2.57801
0.135603 0.990469 -0.0241515 89.655 -0.990411 0.136164 0.0233367 -3.73268 0.0264029 0.0207554 0.999436 2.59651
0.121116 0.992361 -0.0234584 89.6968 -0.992388 0.121582 0.0195716 -4.20734 0.0222742 0.0209094 0.999533 2.61472
0.107645 0.993873 -0.0250845 89.73 -0.993995 0.108089 0.0170816 -4.69354 0.0196883 0.0230951 0.999539 2.62969
0.0957699 0.994993 -0.0285752 89.7553 -0.995229 0.0962512 0.0159681 -5.19208 0.0186386 0.0269096 0.999464 2.64046
0.085248 0.995853 -0.0317712 89.7776 -0.996178 0.0857976 0.0163542 -5.70569 0.0190123 0.0302556 0.999361 2.65159
0.0765993 0.996485 -0.0339176 89.7989 -0.996872 0.077205 0.0169204 -6.23502 0.0194795 0.0325154 0.999282 2.66352
0.0705056 0.996877 -0.0355816 89.819 -0.997319 0.0711483 0.0171292 -6.78186 0.0196073 0.0342785 0.99922 2.67432
0.0646284 0.997222 -0.0370317 89.8392 -0.997698 0.0653336 0.0181593 -7.34454 0.0205283 0.0357728 0.999149 2.68305
0.058255 0.997604 -0.0373216 89.8593 -0.998075 0.058998 0.0191244 -7.92764 0.0212805 0.0361357 0.99912 2.69055
0.0535541 0.997779 -0.0396069 89.8763 -0.998341 0.0543408 0.0190575 -8.53185 0.0211674 0.0385205 0.999034 2.70069
0.0499846 0.997897 -0.0412699 89.8859 -0.998531 0.0507958 0.0188446 -9.15091 0.0209013 0.0402673 0.99897 2.71001
0.0464942 0.998025 -0.0422509 89.8979 -0.99871 0.0473075 0.0184545 -9.78973 0.0204168 0.0413383 0.998937 2.72098
0.0433216 0.998104 -0.04372 89.9038 -0.998867 0.0441352 0.0178178 -10.4462 0.0197136 0.0428986 0.998885 2.7313
0.0418285 0.997964 -0.0481564 89.9081 -0.998936 0.0427101 0.017426 -11.1187 0.0194473 0.0473762 0.998688 2.74149
0.0419569 0.997762 -0.0520689 89.9093 -0.998934 0.0428967 0.0170648 -11.8066 0.0192602 0.0512974 0.998498 2.75049
0.0436067 0.997581 -0.0541404 89.9174 -0.998863 0.0445794 0.016891 -12.5134 0.0192637 0.0533423 0.998391 2.7607
0.0466554 0.997302 -0.0566778 89.9298 -0.998715 0.0476952 0.0171327 -13.2362 0.0197898 0.0558056 0.998246 2.77212
0.0503675 0.997069 -0.0575974 89.9451 -0.998533 0.0514212 0.0169605 -13.9768 0.0198725 0.0566586 0.998196 2.78444
0.0542058 0.996786 -0.0589878 89.9695 -0.99836 0.0551925 0.0152282 -14.7347 0.018435 0.0580656 0.998143 2.80122
0.0581402 0.996558 -0.0590944 89.9992 -0.99816 0.0590494 0.0137564 -15.5062 0.0171985 0.0581859 0.998158 2.819
0.0622844 0.996467 -0.0563488 90.039 -0.997943 0.0630357 0.0116515 -16.2947 0.0151623 0.0555072 0.998343 2.83503
0.0663368 0.996267 -0.0552438 90.0804 -0.997697 0.0670137 0.0104883 -17.0893 0.0141512 0.0544208 0.998418 2.8501
0.0702785 0.996121 -0.0529454 90.1279 -0.997413 0.0709756 0.0113998 -17.8917 0.0151134 0.0520073 0.998532 2.86744
0.073511 0.995984 -0.0511101 90.1788 -0.997126 0.0743449 0.0146087 -18.6966 0.0183498 0.0498893 0.998586 2.88744
0.0747188 0.996137 -0.0461239 90.2358 -0.99691 0.0757405 0.0208118 -19.5054 0.0242249 0.0444263 0.998719 2.90793
0.0743147 0.996278 -0.0436692 90.2883 -0.996868 0.0754038 0.0238397 -20.3201 0.0270438 0.0417608 0.998762 2.92878
0.074379 0.996377 -0.0412466 90.3408 -0.99686 0.0754152 0.0241583 -21.1382 0.0271814 0.0393201 0.998857 2.95748
0.0743731 0.996502 -0.0381132 90.3942 -0.996933 0.0752307 0.021581 -21.958 0.0243728 0.0363912 0.99904 2.99028
0.0742332 0.996484 -0.0388407 90.442 -0.996957 0.0750846 0.0209381 -22.776 0.0237808 0.0371682 0.999026 3.02027
0.0744464 0.99655 -0.0366782 90.4909 -0.99697 0.0752086 0.0198542 -23.5942 0.0225442 0.035089 0.99913 3.05106
0.0741306 0.996635 -0.0349843 90.5373 -0.996998 0.0748533 0.0198188 -24.4109 0.0223708 0.0334101 0.999192 3.08497
0.0741807 0.996715 -0.0325036 90.5879 -0.996979 0.0748748 0.0206828 -25.2241 0.0230486 0.0308711 0.999258 3.11509
0.0729604 0.996896 -0.0295826 90.6378 -0.997045 0.0736225 0.0219425 -26.0362 0.0240523 0.0278942 0.999322 3.14463
0.0702392 0.997174 -0.026638 90.6876 -0.997246 0.0708317 0.0219949 -26.8481 0.0238196 0.0250197 0.999403 3.1747
0.0664574 0.997506 -0.0237883 90.7334 -0.99754 0.0669551 0.020772 -27.66 0.022313 0.0223493 0.999501 3.20512
0.0616804 0.997867 -0.0213707 90.7762 -0.997904 0.0620745 0.0182912 -28.4731 0.0195788 0.0201976 0.999604 3.23671
0.0554457 0.998281 -0.0190107 90.8115 -0.998317 0.0557515 0.0159477 -29.2857 0.0169801 0.0180945 0.999692 3.26656
0.0480224 0.998681 -0.0181584 90.838 -0.998709 0.0483092 0.0157041 -30.0944 0.0165606 0.0173809 0.999712 3.29443
0.0392818 0.999077 -0.0173887 90.8576 -0.999078 0.0395716 0.016646 -30.8977 0.0173187 0.0167188 0.99971 3.31988
0.0291569 0.999418 -0.0177229 90.8649 -0.999416 0.0294641 0.0173225 -31.7003 0.0178346 0.0172075 0.999693 3.34444
0.0189184 0.999649 -0.0185755 90.8652 -0.99968 0.0192249 0.0164648 -32.4993 0.0168161 0.0182581 0.999692 3.37014
0.00814629 0.999815 -0.017424 90.8592 -0.999853 0.00840694 0.0149372 -33.2928 0.0150809 0.0172997 0.999737 3.39592
-0.00301523 0.999828 -0.0183277 90.8418 -0.999897 -0.00275695 0.0141024 -34.086 0.0140495 0.0183683 0.999733 3.41756
-0.0141629 0.999728 -0.0185196 90.8153 -0.999806 -0.0139051 0.0139773 -34.8735 0.013716 0.018714 0.999731 3.43877
-0.0252906 0.99951 -0.0184319 90.7818 -0.999581 -0.0250244 0.0145311 -35.654 0.0140628 0.0187917 0.999725 3.46056
-0.0361116 0.999187 -0.0179004 90.7405 -0.999237 -0.0358351 0.0155368 -36.4303 0.0148827 0.0184478 0.999719 3.48148
-0.0465264 0.998748 -0.0183772 90.6908 -0.998795 -0.0462251 0.0164982 -37.199 0.015628 0.0191227 0.999695 3.50159
-0.0561682 0.998241 -0.0189893 90.6331 -0.998292 -0.0558444 0.0171702 -37.9594 0.0160795 0.0199212 0.999672 3.5224
-0.065838 0.997642 -0.0194144 90.567 -0.997698 -0.0655003 0.0175502 -38.7122 0.0162372 0.0205251 0.999658 3.54437
-0.0753683 0.996959 -0.019813 90.4967 -0.997027 -0.0750241 0.0175748 -39.4573 0.0160349 0.0210786 0.999649 3.56493
-0.0841001 0.996236 -0.0210013 90.4179 -0.996337 -0.083744 0.0172958 -40.1941 0.0154719 0.022379 0.99963 3.58629
-0.0916199 0.995539 -0.0225151 90.3338 -0.995697 -0.0912726 0.0160009 -40.9234 0.0138745 0.0238842 0.999619 3.60748
-0.0969887 0.994962 -0.0253701 90.2452 -0.995214 -0.0966436 0.0144985 -41.642 0.0119736 0.0266549 0.999573 3.63012
-0.101042 0.994473 -0.0285245 90.1545 -0.994834 -0.100714 0.0127282 -42.3555 0.00978504 0.0296632 0.999512 3.64871
-0.103981 0.994113 -0.0304617 90.0653 -0.994546 -0.103676 0.0114307 -43.0577 0.00820532 0.0314841 0.999471 3.66555
-0.105785 0.993906 -0.0310058 89.9785 -0.994362 -0.105499 0.0107116 -43.7435 0.00737525 0.0319641 0.999462 3.6819
-0.106857 0.993778 -0.0314119 89.893 -0.994247 -0.106568 0.0107519 -44.4174 0.00733755 0.0323801 0.999449 3.69727
-0.106319 0.993807 -0.032314 89.8085 -0.994297 -0.105984 0.011908 -45.0731 0.00840951 0.0333957 0.999407 3.71209
-0.103647 0.994054 -0.0333678 89.7283 -0.994567 -0.103258 0.0131759 -45.7115 0.00965204 0.0345521 0.999356 3.72686
-0.0989325 0.99453 -0.0334994 89.6561 -0.995037 -0.0985104 0.0140281 -46.3332 0.0106514 0.034721 0.99934 3.74205
-0.09144 0.995267 -0.0328982 89.5944 -0.995744 -0.0910019 0.0145803 -46.9353 0.0115175 0.0340914 0.999352 3.75795
-0.0808157 0.996212 -0.0320919 89.5411 -0.996654 -0.0803709 0.0149143 -47.5196 0.0122786 0.0331898 0.999374 3.7749
-0.0675581 0.997206 -0.0318723 89.4974 -0.997632 -0.0671045 0.0150909 -48.0837 0.01291 0.0328163 0.999378 3.79236
-0.0510256 0.998218 -0.0309416 89.4699 -0.998587 -0.0505348 0.0164454 -48.6276 0.0148524 0.031737 0.999386 3.8094
-0.0307434 0.999079 -0.0299236 89.458 -0.999362 -0.0301788 0.0191348 -49.1628 0.0182141 0.0304928 0.999369 3.83026
-0.00707476 0.999567 -0.0285658 89.4599 -0.999729 -0.00643618 0.0223847 -49.6905 0.0221912 0.0287165 0.999341 3.85163
0.020634 0.999411 -0.0274158 89.4749 -0.999478 0.0213018 0.0242916 -50.2156 0.0248613 0.0269003 0.999329 3.87168
0.0529029 0.998246 -0.0265741 89.507 -0.998266 0.0535543 0.0244309 -50.7378 0.0258112 0.0252356 0.999348 3.89239
0.0900071 0.995591 -0.0264042 89.5577 -0.995634 0.090606 0.0224357 -51.2554 0.0247291 0.0242696 0.9994 3.91395
0.131387 0.99101 -0.0252413 89.6329 -0.991078 0.131887 0.0192342 -51.767 0.0223903 0.022489 0.999496 3.93711
0.17563 0.984189 -0.0229308 89.7323 -0.984278 0.175995 0.0149555 -52.2693 0.0187547 0.0199436 0.999625 3.96029
0.223018 0.974627 -0.0190988 89.8552 -0.974686 0.223264 0.0118532 -52.7666 0.0158165 0.0159718 0.999747 3.98394
0.273475 0.961748 -0.01589 90.0086 -0.961768 0.273657 0.0106738 -53.2457 0.0146139 0.0123635 0.999817 4.00862
0.326903 0.944934 -0.0152772 90.1823 -0.944938 0.327076 0.0106728 -53.7079 0.0150819 0.010947 0.999826 4.02796
0.383538 0.923328 -0.019097 90.3764 -0.923355 0.383783 0.0112846 -54.1533 0.0177485 0.0133053 0.999754 4.04725
0.442233 0.89661 -0.0228281 90.5976 -0.896601 0.4426 0.014565 -54.5748 0.0231629 0.0140265 0.999633 4.06692
0.500753 0.865128 -0.0282727 90.8444 -0.865074 0.501316 0.018173 -54.9761 0.0298955 0.0153577 0.999435 4.0873
0.558101 0.829261 -0.0291425 91.1231 -0.829034 0.558742 0.0225849 -55.352 0.0350119 0.0115555 0.99932 4.10645
0.613229 0.789347 -0.0296957 91.4275 -0.78895 0.613903 0.026109 -55.7054 0.0388394 0.00741764 0.999218 4.12605
0.66575 0.745494 -0.0318668 91.7528 -0.745008 0.66649 0.0274566 -56.0377 0.0417077 0.00546181 0.999115 4.14734
0.714688 0.698649 -0.0333389 92.0982 -0.698185 0.715449 0.0258889 -56.3485 0.0419395 0.00477424 0.999109 4.17172
0.760182 0.648973 -0.0309312 92.4657 -0.648592 0.760806 0.0224462 -56.6345 0.0380996 0.00299846 0.99927 4.198
0.802183 0.596488 -0.026551 92.8535 -0.596226 0.802621 0.0177534 -56.8931 0.0319001 0.00158891 0.99949 4.2255
0.839381 0.543098 -0.021999 93.2609 -0.542893 0.839669 0.0149254 -57.1226 0.0265779 -0.000585015 0.999647 4.25111
0.871485 0.490138 -0.0167092 93.6838 -0.490002 0.871643 0.011752 -57.3309 0.0203245 -0.00205415 0.999791 4.27285
0.898031 0.439793 -0.0110356 94.1219 -0.439674 0.898081 0.0116861 -57.5147 0.0150503 -0.00564238 0.999871 4.29567
0.919165 0.393799 -0.00769413 94.5696 -0.393683 0.919153 0.0131211 -57.6762 0.0122392 -0.00903142 0.999884 4.31412
0.935404 0.353568 -0.00293656 95.0351 -0.353455 0.935263 0.018796 -57.8154 0.00939211 -0.0165439 0.999819 4.32568
0.947923 0.318478 -0.00365018 95.5004 -0.318314 0.947702 0.0231992 -57.9422 0.0108477 -0.0208292 0.999724 4.33163
0.957846 0.287248 -0.00442142 95.9732 -0.287048 0.957574 0.0256195 -58.0648 0.011593 -0.0232703 0.999662 4.33683
0.964484 0.264052 -0.00680722 96.4475 -0.263874 0.96435 0.0200121 -58.1918 0.0118488 -0.0175051 0.999777 4.34542
0.968702 0.248122 -0.0071819 96.9289 -0.247975 0.968619 0.0169334 -58.3119 0.0111581 -0.0146225 0.999831 4.35909
0.971892 0.235327 -0.00692315 97.4227 -0.235146 0.971745 0.0204358 -58.4218 0.0115366 -0.0182334 0.999767 4.36723
0.974185 0.225683 -0.00559281 97.9305 -0.22547 0.973907 0.0258733 -58.5281 0.011286 -0.0239443 0.99965 4.36922
0.975594 0.219517 -0.00537051 98.4457 -0.21923 0.97512 0.0328608 -58.6321 0.0124504 -0.0308814 0.999446 4.37762
0.976206 0.216702 -0.00785243 98.9702 -0.216244 0.975557 0.0390891 -58.7401 0.0161312 -0.036461 0.999205 4.3911
0.976383 0.215832 -0.00963277 99.5025 -0.215273 0.975688 0.0411104 -58.8568 0.0182715 -0.0380658 0.999108 4.40896
0.975875 0.217971 -0.0125538 100.044 -0.217314 0.975264 0.0404412 -58.9819 0.0210583 -0.0367374 0.999103 4.42555
0.974813 0.222137 -0.019895 100.593 -0.221264 0.974446 0.0386905 -59.1151 0.0279812 -0.0333139 0.999053 4.43791
0.973727 0.226311 -0.0252931 101.152 -0.225269 0.973539 0.0384328 -59.249 0.0333216 -0.0317253 0.998941 4.45157
0.97274 0.230701 -0.0235563 101.733 -0.229562 0.972339 0.0431197 -59.381 0.0328524 -0.0365366 0.998792 4.47218
0.971514 0.23625 -0.0186006 102.328 -0.235192 0.970831 0.0465978 -59.5162 0.0290668 -0.0408957 0.998741 4.49552
0.970422 0.240982 -0.0144593 102.931 -0.240156 0.969736 0.0440092 -59.6693 0.0246271 -0.039235 0.998927 4.51932
0.96959 0.244553 -0.00944578 103.545 -0.244009 0.968965 0.0395804 -59.832 0.0188321 -0.0360719 0.999172 4.54218
0.968769 0.247912 -0.00504961 104.169 -0.247567 0.968173 0.0367715 -59.9966 0.014005 -0.034373 0.999311 4.56312
0.967965 0.251042 -0.00473497 104.8 -0.250764 0.967506 0.0324103 -60.1655 0.0127174 -0.0301847 0.999464 4.57916
0.967791 0.251615 -0.0083958 105.437 -0.251285 0.967483 0.0288459 -60.3399 0.0153809 -0.0258071 0.999549 4.59519
0.967778 0.251373 -0.0147615 106.081 -0.250905 0.967611 0.0278459 -60.5125 0.0212831 -0.0232449 0.999503 4.61194
0.967771 0.250817 -0.022585 106.736 -0.25013 0.967767 0.0293772 -60.6815 0.0292253 -0.0227813 0.999313 4.62912
0.968236 0.248651 -0.026309 107.409 -0.247759 0.968258 0.0330385 -60.8517 0.033689 -0.0254707 0.999108 4.6479
0.968965 0.246141 -0.0228212 108.099 -0.245373 0.968903 0.0319405 -61.0281 0.0299734 -0.0253496 0.999229 4.6698
0.96955 0.24434 -0.0164596 108.806 -0.243839 0.969422 0.0276205 -61.2106 0.0227051 -0.022766 0.999483 4.69734
0.970269 0.241848 -0.00942093 109.523 -0.241515 0.970006 0.0275522 -61.3896 0.0158018 -0.0244578 0.999576 4.72571
0.970732 0.24 -0.00891166 110.245 -0.239632 0.970382 0.0305834 -61.5629 0.0159877 -0.0275528 0.999493 4.74823
0.971137 0.238209 -0.0122574 110.975 -0.237635 0.970671 0.0364254 -61.7325 0.0205747 -0.0324613 0.999261 4.76734
0.971902 0.234731 -0.0175515 111.714 -0.233955 0.971513 0.0377926 -61.9106 0.0259226 -0.0326244 0.999132 4.78577
0.972789 0.230714 -0.0212762 112.466 -0.229839 0.972521 0.0371031 -62.0909 0.0292517 -0.0312034 0.999085 4.80719
0.973697 0.226939 -0.0203124 113.233 -0.226152 0.97346 0.035095 -62.2731 0.0277378 -0.0295782 0.999178 4.83362
0.974544 0.223312 -0.0198796 114.009 -0.222652 0.97441 0.0308464 -62.4577 0.0262592 -0.025635 0.999326 4.86277
0.975035 0.221379 -0.0172841 114.799 -0.220824 0.974874 0.0292735 -62.6412 0.0233304 -0.0247259 0.999422 4.89245
0.975428 0.219788 -0.0152973 115.608 -0.219348 0.975296 0.0261792 -62.8264 0.0206732 -0.0221805 0.99954 4.91758
0.975599 0.21904 -0.0151125 116.418 -0.218709 0.975567 0.0208978 -63.0158 0.0193207 -0.0170827 0.999667 4.94163
0.975757 0.218432 -0.0136269 117.237 -0.218116 0.975686 0.0214919 -63.1995 0.0179901 -0.0179986 0.999676 4.96775
0.975631 0.218947 -0.0143572 118.057 -0.21853 0.975483 0.0260349 -63.3769 0.0197054 -0.022263 0.999558 4.99326
0.975448 0.219632 -0.0162574 118.883 -0.219039 0.975189 0.0320632 -63.5544 0.0228962 -0.027715 0.999354 5.01819
0.975256 0.220495 -0.0160283 119.712 -0.219728 0.974751 0.0397484 -63.7325 0.0243879 -0.035243 0.999081 5.04237
0.974702 0.223088 -0.0137246 120.55 -0.222236 0.973865 0.0468856 -63.9107 0.0238255 -0.0426494 0.998806 5.07093
0.974011 0.226277 -0.0100779 121.391 -0.225513 0.972954 0.050052 -64.0959 0.0211309 -0.0464785 0.998696 5.10215
0.973434 0.228728 -0.0104692 122.23 -0.227933 0.972365 0.0505214 -64.2911 0.0217355 -0.0467929 0.998668 5.13118
0.972901 0.230817 -0.0137049 123.071 -0.229871 0.97191 0.0504954 -64.487 0.0249752 -0.0459766 0.99863 5.15561
0.972684 0.231684 -0.0144347 123.926 -0.230881 0.972014 0.0433867 -64.6931 0.0240827 -0.0388689 0.998954 5.17311
0.972581 0.232001 -0.0161959 124.775 -0.231296 0.97219 0.036738 -64.9018 0.0242687 -0.0319846 0.999194 5.19588
0.972237 0.233413 -0.0165681 125.623 -0.232736 0.971908 0.0350598 -65.1039 0.0242861 -0.0302304 0.999248 5.22177
0.972024 0.234465 -0.0139539 126.475 -0.233798 0.971534 0.0382128 -65.2992 0.0225163 -0.0338813 0.999172 5.24537
0.971875 0.235349 -0.00829213 127.328 -0.234853 0.971222 0.039645 -65.4958 0.0173839 -0.0365826 0.99918 5.2684
0.971685 0.236276 -0.00119278 128.176 -0.236006 0.970796 0.0430879 -65.6942 0.0113386 -0.0415864 0.999071 5.29594
0.971347 0.237554 -0.00725312 128.997 -0.237043 0.970562 0.0426706 -65.9007 0.0171762 -0.0397287 0.999063 5.32837
0.970997 0.2381 -0.021771 129.805 -0.237132 0.97067 0.0396107 -66.1165 0.0305637 -0.0332992 0.998978 5.36205
0.970734 0.237721 -0.0341192 130.614 -0.23652 0.970967 0.0357891 -66.3351 0.0416364 -0.0266719 0.998777 5.39712
0.971139 0.236782 -0.0286969 131.442 -0.235794 0.971208 0.0339948 -66.548 0.03592 -0.0262472 0.99901 5.4361
0.971865 0.235407 -0.00793954 132.284 -0.235105 0.971566 0.0280264 -66.7606 0.0143114 -0.0253712 0.999576 5.47687
0.972181 0.234037 0.00957725 133.12 -0.234206 0.971872 0.0247598 -66.9707 -0.00351316 -0.0263141 0.999648 5.51657
0.97236 0.233425 0.00530478 133.929 -0.233482 0.971982 0.0271708 -67.1745 0.00118618 -0.0276584 0.999617 5.53447
0.972566 0.232456 -0.008925 134.725 -0.232019 0.97208 0.0350328 -67.373 0.0168194 -0.032001 0.999346 5.5408
0.972676 0.23146 -0.0181045 135.522 -0.230711 0.972352 0.0361271 -67.5787 0.0259659 -0.0309631 0.999183 5.54964
0.97307 0.229579 -0.0206881 136.326 -0.228854 0.97292 0.03244 -67.7882 0.0275754 -0.0268318 0.99926 5.5754
0.973759 0.226924 -0.0173023 137.135 -0.226304 0.973532 0.0319584 -67.9815 0.0240965 -0.0272042 0.99934 5.60131
0.97452 0.223485 -0.0191079 137.936 -0.222827 0.974348 0.0315321 -68.1692 0.0256647 -0.0264709 0.99932 5.61522
0.97554 0.218775 -0.0214534 138.733 -0.218044 0.975416 0.0319649 -68.3556 0.0279191 -0.0265053 0.999259 5.6251
0.976262 0.215717 -0.0194676 139.532 -0.214921 0.975951 0.0364658 -68.5296 0.0268657 -0.0314162 0.999145 5.64566
0.976704 0.213658 -0.0199875 140.331 -0.212669 0.976186 0.0428029 -68.701 0.0286567 -0.0375551 0.998884 5.66312
0.977157 0.211829 -0.0171125 141.132 -0.210895 0.976477 0.0449137 -68.8764 0.026224 -0.0402788 0.998844 5.68684
0.977545 0.210338 -0.0127799 141.932 -0.209624 0.976837 0.0429899 -69.0566 0.0215262 -0.0393456 0.998994 5.71073
0.977829 0.209035 -0.0124518 142.726 -0.208361 0.977161 0.0417402 -69.2345 0.0208926 -0.0382203 0.999051 5.73429
0.978294 0.206559 -0.0165359 143.518 -0.205776 0.977784 0.0399496 -69.4075 0.0244205 -0.0356798 0.999065 5.75637
0.979146 0.202127 -0.0204426 144.302 -0.201329 0.978877 0.0355816 -69.5814 0.0272028 -0.0307239 0.999158 5.7746
0.980391 0.195682 -0.0232629 145.094 -0.194897 0.980293 0.032264 -69.7459 0.029118 -0.0270975 0.999209 5.79788
0.981786 0.189016 -0.0191943 145.895 -0.188373 0.981605 0.0311159 -69.8988 0.0247226 -0.0269335 0.999332 5.82506
0.983085 0.182843 -0.0106435 146.701 -0.182472 0.982783 0.0290165 -70.0488 0.0157657 -0.0265835 0.999522 5.85341
0.983929 0.178545 -0.00253634 147.506 -0.17843 0.983645 0.0246011 -70.1895 0.00688726 -0.0237532 0.999694 5.87249
0.984656 0.174485 0.00268267 148.308 -0.174483 0.984164 0.0312546 -70.3163 0.00281326 -0.0312431 0.999508 5.88835
0.985415 0.170164 -0.00155076 149.1 -0.170008 0.984829 0.0347687 -70.44 0.0074436 -0.033998 0.999394 5.90181
0.986487 0.163409 -0.0118838 149.887 -0.162906 0.986013 0.0352223 -70.5699 0.0174732 -0.0328104 0.999309 5.91292
0.987423 0.156939 -0.019148 150.682 -0.15627 0.98718 0.0324813 -70.6977 0.0240001 -0.0290805 0.999289 5.92363
0.98845 0.15032 -0.0192423 151.488 -0.149687 0.988249 0.0309474 -70.8194 0.0236682 -0.0277096 0.999336 5.94343
0.989655 0.142733 -0.0144843 152.303 -0.14211 0.989139 0.0375333 -70.9258 0.0196843 -0.0350867 0.999191 5.97097
0.990732 0.135033 -0.0146915 153.115 -0.134289 0.989993 0.0433601 -71.0236 0.0203995 -0.0409854 0.998952 5.99315
0.991904 0.125382 -0.0201629 153.921 -0.12435 0.991164 0.0461731 -71.1255 0.025774 -0.043292 0.99873 6.01214
0.992878 0.116804 -0.0234367 154.729 -0.115677 0.992277 0.0447748 -71.2243 0.0284856 -0.0417448 0.998722 6.02756
0.993822 0.108739 -0.0222111 155.547 -0.107668 0.993179 0.0447712 -71.3148 0.0269279 -0.0421032 0.99875 6.04717
0.994786 0.100849 -0.0151711 156.373 -0.100025 0.993838 0.0477657 -71.3873 0.0198948 -0.0459992 0.998743 6.06575
0.995644 0.0927717 -0.00926123 157.2 -0.0921881 0.994447 0.050753 -71.4517 0.0139182 -0.0496781 0.998668 6.08738
0.996354 0.0851318 -0.00558933 158.023 -0.084747 0.995142 0.0501111 -71.516 0.00982822 -0.0494547 0.998728 6.10643
0.996887 0.0787254 -0.00418266 158.845 -0.0784191 0.995666 0.0500006 -71.5779 0.00810084 -0.049517 0.99874 6.12303
0.997219 0.0743279 -0.00545439 159.667 -0.0739688 0.996033 0.0494759 -71.6339 0.00911019 -0.0489349 0.998761 6.14031
0.99748 0.0700273 -0.0113998 160.484 -0.0693208 0.996151 0.0536487 -71.6817 0.0151128 -0.0527233 0.998495 6.1585
0.997633 0.0667083 -0.0166517 161.299 -0.0655863 0.996001 0.0606772 -71.7179 0.0206328 -0.0594415 0.998019 6.17352
0.997738 0.0640971 -0.0202779 162.119 -0.0627391 0.996121 0.061706 -71.7561 0.0241544 -0.0602942 0.997888 6.1867
0.998044 0.0608235 -0.014481 162.953 -0.059791 0.996196 0.0633967 -71.7971 0.0182819 -0.0624068 0.997883 6.20104
0.998282 0.0583645 -0.00507001 163.792 -0.0579087 0.996174 0.0654594 -71.8315 0.00887111 -0.0650534 0.997842 6.21417
0.99849 0.0548441 0.00314496 164.629 -0.054932 0.996283 0.0663487 -71.8677 0.000505568 -0.0664213 0.997792 6.22811
0.99874 0.0501791 0.00085278 165.451 -0.05013 0.996666 0.0643692 -71.9046 0.00238005 -0.0643309 0.997926 6.23713
0.998946 0.0451685 -0.00816976 166.266 -0.0446621 0.997535 0.0541169 -71.9503 0.010594 -0.053695 0.998501 6.24325
0.999136 0.0383889 -0.015943 167.083 -0.0375753 0.998115 0.0485339 -71.9865 0.0177761 -0.0478929 0.998694 6.24464
0.999399 0.0315023 -0.0144991 167.91 -0.0307037 0.998157 0.0523494 -72.0011 0.0161215 -0.0518727 0.998524 6.25157
0.999664 0.0239997 -0.00978725 168.744 -0.0234756 0.998446 0.0505362 -72.0162 0.0109849 -0.0502895 0.998674 6.26341
0.99985 0.0164751 -0.00526181 169.58 -0.0162134 0.998792 0.0463951 -72.0341 0.00601981 -0.0463029 0.998909 6.2739
0.999939 0.0106135 -0.0031784 170.421 -0.0104851 0.999223 0.0379991 -72.0497 0.00357923 -0.0379634 0.999273 6.2795
0.999987 0.00451576 -0.00239835 171.264 -0.00443301 0.999431 0.0334389 -72.0575 0.00254799 -0.0334279 0.999438 6.28855
0.999968 -0.00157628 -0.00783847 172.1 0.00181071 0.999549 0.0299881 -72.0565 0.00778766 -0.0300013 0.99952 6.29752
0.999801 -0.00868682 -0.0179419 172.929 0.00908605 0.999711 0.0222896 -72.0559 0.0177431 -0.0224482 0.999591 6.30284
0.999547 -0.0159124 -0.0255246 173.761 0.0161813 0.999815 0.010365 -72.0597 0.025355 -0.0107733 0.999621 6.31407
0.999597 -0.0221817 -0.0176871 174.612 0.0224041 0.999671 0.0124745 -72.0393 0.0174046 -0.0128658 0.999766 6.3284
0.999615 -0.0273093 -0.00496546 175.472 0.0274147 0.99937 0.0225634 -71.9981 0.00434614 -0.0226908 0.999733 6.34453
0.999473 -0.0322338 0.00371396 176.327 0.0321127 0.999063 0.029031 -71.9561 -0.00464626 -0.0288964 0.999572 6.36054
0.999343 -0.036188 0.00211107 177.171 0.0361125 0.998934 0.0287615 -71.9192 -0.00314964 -0.0286663 0.999584 6.36674
0.999244 -0.0379534 -0.00839659 178.008 0.0381877 0.998827 0.0297644 -71.8782 0.00725708 -0.0300626 0.999522 6.37008
0.999005 -0.0404103 -0.0188772 178.845 0.0411393 0.998354 0.0399685 -71.8242 0.0172309 -0.0407053 0.999023 6.37779
0.998851 -0.0423253 -0.0224694 179.692 0.0432034 0.998259 0.0401496 -71.7799 0.0207309 -0.0410742 0.998941 6.39047
0.998799 -0.0452271 -0.0188306 180.548 0.0458488 0.99837 0.034004 -71.7487 0.017262 -0.0348265 0.999244 6.40937
0.998905 -0.0457386 -0.00981354 181.41 0.0460497 0.998352 0.0342395 -71.7065 0.0082313 -0.0346539 0.999366 6.42727
0.998959 -0.0454814 -0.00355625 182.273 0.0455805 0.998303 0.0362373 -71.6575 0.00190209 -0.0363617 0.999337 6.44697
0.998878 -0.0471118 -0.00482562 183.128 0.0472523 0.998269 0.0350236 -71.615 0.00316723 -0.0352124 0.999375 6.46501
0.99872 -0.0490642 -0.0122776 183.976 0.049458 0.998193 0.0341333 -71.571 0.0105807 -0.0346968 0.999342 6.48184
0.998413 -0.0512579 -0.0233215 184.82 0.0518129 0.998372 0.0238484 -71.5398 0.0220612 -0.0250189 0.999444 6.49773
0.998158 -0.0537646 -0.0281097 185.669 0.0541266 0.998459 0.0122749 -71.5112 0.0274064 -0.0137738 0.99953 6.5189
0.998207 -0.0549243 -0.023789 186.528 0.0552625 0.998377 0.0137945 -71.4626 0.0229928 -0.0150844 0.999622 6.54443
0.998317 -0.0561045 -0.0146625 187.39 0.0563809 0.998226 0.0191638 -71.406 0.0135613 -0.0199582 0.999709 6.57512
0.998288 -0.0577899 -0.00903075 188.24 0.0579752 0.99808 0.0218221 -71.3509 0.00775231 -0.0223083 0.999721 6.60088
0.99819 -0.0587713 -0.0127206 189.078 0.0590138 0.998065 0.0196106 -71.3043 0.0115435 -0.0203258 0.999727 6.61936
0.998085 -0.0588196 -0.0191281 189.913 0.0591957 0.998052 0.0197312 -71.2583 0.0179303 -0.0208257 0.999622 6.63596
0.998036 -0.0589061 -0.0212936 190.752 0.0594592 0.997883 0.0263469 -71.197 0.0196965 -0.0275613 0.999426 6.65507
0.998089 -0.0593246 -0.0172615 191.593 0.0598182 0.997769 0.0296412 -71.1405 0.0154645 -0.0306171 0.999412 6.67836
0.998085 -0.0601405 -0.0144454 192.43 0.0605931 0.997608 0.0332629 -71.0849 0.0124104 -0.0340746 0.999342 6.70222
0.998101 -0.0604759 -0.0116831 193.265 0.0608645 0.997482 0.0364114 -71.0285 0.00945168 -0.0370533 0.999269 6.72031
0.998068 -0.0609531 -0.0120375 194.096 0.0613926 0.997298 0.0403379 -70.9674 0.00954623 -0.040999 0.999114 6.73772
0.998006 -0.0615232 -0.0141195 194.921 0.0620282 0.997326 0.0386525 -70.9108 0.0117037 -0.0394512 0.999153 6.75565
0.99785 -0.0623751 -0.0201099 195.733 0.0631484 0.997185 0.0404305 -70.8518 0.0175314 -0.0416135 0.99898 6.7701
0.99775 -0.0635679 -0.0213069 196.546 0.0644108 0.997059 0.0415323 -70.7906 0.0186041 -0.0428112 0.99891 6.78282
0.997913 -0.0607414 -0.0219094 197.256 0.0616128 0.997234 0.0415737 -70.7469 0.0193235 -0.0428369 0.998895 6.79347
0.998079 -0.0577186 -0.0225042 197.963 0.0586176 0.997415 0.041571 -70.7039 0.0200466 -0.0428103 0.998882 6.80403
0.998236 -0.0546945 -0.0230991 198.669 0.0556209 0.997586 0.041572 -70.6609 0.0207696 -0.0427835 0.998869 6.8146
0.998383 -0.0516705 -0.0236939 199.375 0.0526244 0.997749 0.0415767 -70.618 0.0214923 -0.0427564 0.998854 6.82516
0.998521 -0.0486462 -0.0242885 200.081 0.0496276 0.997902 0.0415852 -70.575 0.0222146 -0.0427291 0.99884 6.83572
