1 -6.14091e-09 0 5.96046e-08 -6.14091e-09 1 0 -2.98023e-08 0 0 1 0
0.999997 -0.00205642 -0.00117773 0.858558 0.00205705 0.999998 0.000496769 0.0348512 0.0011767 -0.000499183 0.999999 0.0163577
0.999989 -0.00411185 -0.00235747 1.71715 0.00411422 0.999991 0.000988644 0.0697016 0.00235338 -0.000998326 0.999997 0.0327147
0.999975 -0.00616656 -0.00353935 2.57587 0.00617188 0.99998 0.00147568 0.104556 0.00353018 -0.00149748 0.999993 0.049073
0.999955 -0.00822065 -0.00472346 3.43482 0.00823002 0.999964 0.00195791 0.139416 0.0047072 -0.00199669 0.999987 0.0654339
0.99993 -0.0102732 -0.00590922 4.29356 0.0102878 0.999944 0.0024351 0.174266 0.00588388 -0.00249572 0.99998 0.0817897
0.999899 -0.012324 -0.00709657 5.15209 0.0123449 0.99992 0.00290723 0.209106 0.00706017 -0.00299454 0.999971 0.0981399
0.999862 -0.0143742 -0.00828608 6.0108 0.0144026 0.999891 0.00337452 0.24395 0.00823666 -0.00349339 0.99996 0.114492
0.99982 -0.0164233 -0.00947743 6.86951 0.0164602 0.999857 0.00383686 0.278793 0.00941306 -0.00399217 0.999948 0.130843
0.999786 -0.0183314 -0.00957784 7.72528 0.018358 0.999828 0.00269212 0.312688 0.00952684 -0.00286737 0.99995 0.146033
0.99972 -0.0205103 -0.0118131 8.58639 0.0205667 0.999778 0.00467042 0.348409 0.0117147 -0.00491206 0.999919 0.163478
0.99965 -0.022149 -0.0144793 9.45544 0.0222308 0.999738 0.00551443 0.385567 0.0143534 -0.00583438 0.99988 0.180945
0.999574 -0.0240791 -0.0164722 10.335 0.0242313 0.999665 0.00909546 0.428718 0.0162476 -0.00949073 0.999823 0.19987
0.999542 -0.0254626 -0.0163469 11.225 0.0256351 0.999617 0.0104268 0.469333 0.0160751 -0.0108411 0.999812 0.218854
0.999525 -0.0270779 -0.0147071 12.1241 0.0272293 0.999577 0.0101863 0.510544 0.014425 -0.010582 0.99984 0.239054
0.999503 -0.0286046 -0.0132779 13.0296 0.0287433 0.999533 0.0103737 0.54881 0.012975 -0.0107501 0.999858 0.258064
0.999475 -0.0298028 -0.0127292 13.9402 0.02993 0.999503 0.00992014 0.590775 0.0124272 -0.0102959 0.99987 0.275459
0.999414 -0.0315117 -0.0133905 14.8543 0.0316474 0.999449 0.0100346 0.630615 0.0130669 -0.0104525 0.99986 0.292787
0.999363 -0.0326229 -0.0144999 15.7717 0.0327481 0.999428 0.00847489 0.67114 0.0142151 -0.00894433 0.999859 0.310457
0.999354 -0.0334523 -0.0131171 16.6979 0.03356 0.999404 0.00808256 0.710894 0.0128389 -0.00851755 0.999881 0.327927
0.999395 -0.0335105 -0.00927857 17.6316 0.0336003 0.999388 0.00969095 0.75489 0.00894815 -0.00999684 0.99991 0.348112
0.999447 -0.032797 -0.00557206 18.5689 0.0328543 0.999405 0.0105226 0.796969 0.00522364 -0.0106999 0.999929 0.369003
0.999502 -0.0314136 -0.00284815 19.511 0.0314397 0.99946 0.0095953 0.835826 0.00254519 -0.00968007 0.99995 0.385238
0.999549 -0.0299889 -0.00170567 20.4565 0.0300037 0.999506 0.009401 0.874578 0.0014229 -0.00944793 0.999954 0.3974
0.999578 -0.0287696 -0.00398913 21.4041 0.028807 0.999539 0.00964232 0.912816 0.00370988 -0.00975317 0.999946 0.408388
0.999573 -0.0277608 -0.00913547 22.3566 0.0278576 0.999555 0.0106314 0.951395 0.00883627 -0.0108813 0.999902 0.420828
0.999567 -0.0265242 -0.012729 23.3151 0.0266536 0.999594 0.0101078 0.987716 0.0124557 -0.0104427 0.999868 0.434916
0.999598 -0.0257786 -0.0117766 24.2833 0.025871 0.999635 0.00775954 1.02183 0.0115723 -0.0080611 0.999901 0.452076
0.999637 -0.0260358 -0.00693278 25.2593 0.0260771 0.999642 0.00592829 1.0563 0.00677595 -0.00610692 0.999958 0.468466
0.999633 -0.026941 -0.00274188 26.239 0.0269485 0.999633 0.00273545 1.09077 0.00266718 -0.00280834 0.999992 0.484287
0.999606 -0.0279567 -0.00259612 27.2181 0.0279438 0.999597 -0.0049127 1.11723 0.00273241 0.00483823 0.999985 0.495654
0.999543 -0.0295347 -0.00643098 28.1979 0.0294839 0.999534 -0.00787569 1.15068 0.00666059 0.00768249 0.999948 0.504711
0.999459 -0.0310579 -0.0108394 29.1818 0.0309801 0.999494 -0.00727857 1.19149 0.01106 0.00693883 0.999915 0.517857
0.99938 -0.0329683 -0.0123989 30.1907 0.0328876 0.999437 -0.00666521 1.23623 0.0126117 0.0062533 0.999901 0.544155
0.999368 -0.0340461 -0.0102493 31.2471 0.0339785 0.9994 -0.00670594 1.28549 0.0104715 0.00635345 0.999925 0.594943
0.999358 -0.0350828 -0.00725426 32.2914 0.0350577 0.999379 -0.00356858 1.33848 0.00737495 0.00331198 0.999967 0.637696
0.99932 -0.0363653 -0.00618113 33.3348 0.0363457 0.999334 -0.00324814 1.38981 0.00629514 0.00302127 0.999976 0.678652
0.999292 -0.0373965 -0.00401082 34.3687 0.0373869 0.999298 -0.00246334 1.43983 0.00410012 0.00231165 0.999989 0.710306
0.999296 -0.037513 -0.000175444 35.4056 0.0375124 0.999292 -0.00301144 1.49076 0.000288289 0.00300274 0.999995 0.741652
0.999277 -0.0380104 0.00130858 36.4284 0.0380069 0.999274 0.00268313 1.55086 -0.00140961 -0.00263146 0.999996 0.762269
0.999277 -0.0379756 0.00168927 37.4512 0.0379695 0.999273 0.00356459 1.60741 -0.00182341 -0.00349788 0.999992 0.782556
0.999274 -0.0381094 3.78843e-05 38.4626 0.0381092 0.999268 0.00324083 1.65943 -0.000161365 -0.00323703 0.999995 0.797241
0.999278 -0.0378877 -0.00279811 39.4686 0.0379028 0.999266 0.00551545 1.71677 0.00258709 -0.00561752 0.999981 0.816341
0.999243 -0.0387751 -0.00311333 40.4697 0.0387919 0.999232 0.00551997 1.76768 0.0028969 -0.00563656 0.99998 0.839558
0.999195 -0.0401029 -0.00152735 41.4705 0.040108 0.999189 0.0035062 1.8156 0.0013855 -0.00356463 0.999993 0.86039
0.99916 -0.040977 -0.000573188 42.4662 0.0409789 0.999153 0.00372146 1.86919 0.000420211 -0.00374182 0.999993 0.883332
0.999145 -0.0412646 -0.00261915 43.4527 0.0412808 0.999127 0.00642005 1.92771 0.00235194 -0.00652268 0.999976 0.904319
0.999089 -0.0419407 -0.00784515 44.4318 0.0419954 0.999094 0.0069343 1.98497 0.00754721 -0.00725744 0.999945 0.922758
0.999059 -0.0424162 -0.00902344 45.4133 0.0424831 0.99907 0.00735335 2.03868 0.00870315 -0.00772977 0.999932 0.940743
0.999068 -0.0427559 -0.00592625 46.3959 0.0427974 0.999059 0.00704308 2.09016 0.00561954 -0.00729014 0.999958 0.966065
0.999067 -0.0430877 -0.00277255 47.3726 0.0430995 0.999061 0.00436464 2.14031 0.00258189 -0.00448006 0.999987 0.986076
0.999057 -0.043378 -0.00169067 48.3442 0.0433831 0.999054 0.00304274 2.19156 0.00155708 -0.00311322 0.999994 1.00448
0.999049 -0.0435309 -0.00234725 49.3074 0.0435312 0.999052 6.36317e-05 2.24014 0.00234225 -0.000165749 0.999997 1.01972
0.999021 -0.0440673 -0.00393549 50.2721 0.0440544 0.999024 -0.00331609 2.28442 0.00407778 0.00313947 0.999987 1.03428
0.998971 -0.0452356 -0.00316813 51.231 0.0452199 0.998965 -0.00487751 2.3331 0.00338548 0.00472923 0.999983 1.049
0.998926 -0.0463196 0.00121158 52.1945 0.0463276 0.998897 -0.00764342 2.38083 -0.000856204 0.00769134 0.99997 1.06152
0.998879 -0.0468582 0.00672156 53.1566 0.0469202 0.998855 -0.00937455 2.43486 -0.00627459 0.00967941 0.999933 1.06922
0.998836 -0.0474029 0.00896525 54.1092 0.047475 0.99884 -0.00800154 2.49444 -0.00857555 0.00841785 0.999928 1.07623
0.998782 -0.0489139 0.00647557 55.0508 0.048956 0.99878 -0.00650327 2.54947 -0.00614957 0.00681238 0.999958 1.08504
0.998727 -0.0504069 -0.0016407 55.9764 0.0503978 0.998716 -0.00523594 2.59983 0.00190253 0.00514659 0.999985 1.09352
0.998643 -0.0514933 -0.00772659 56.8929 0.0514594 0.998665 -0.00452169 2.64864 0.00794911 0.00411795 0.99996 1.10681
0.998581 -0.0527583 -0.00721905 57.8045 0.0527638 0.998607 0.000568837 2.70899 0.00717898 -0.000948923 0.999974 1.12392
0.998549 -0.0536515 -0.00462703 58.7042 0.0536699 0.998551 0.00394147 2.76506 0.00440887 -0.00418408 0.999981 1.14632
0.998481 -0.0550226 -0.00289901 59.5891 0.0550412 0.998461 0.00680406 2.82181 0.00252017 -0.00695328 0.999973 1.16853
0.998409 -0.0562541 -0.00378409 60.4585 0.0562794 0.998391 0.00691335 2.87557 0.0033891 -0.00711531 0.999969 1.18513
0.998319 -0.0578782 -0.00309416 61.3153 0.0579022 0.998288 0.00831095 2.93205 0.00260784 -0.00847614 0.999961 1.20152
0.998232 -0.0593829 -0.0025226 62.1586 0.0594046 0.998188 0.00958586 2.98821 0.00194879 -0.00971876 0.999951 1.21978
0.998137 -0.0609978 -0.00155658 62.9893 0.0610098 0.998092 0.00946794 3.04242 0.000976084 -0.00954526 0.999954 1.23668
0.998047 -0.0624606 -0.000855437 63.8081 0.0624659 0.998007 0.00897372 3.09594 0.000293227 -0.00900962 0.999959 1.25107
0.997957 -0.0638747 0.00125838 64.6125 0.0638567 0.997896 0.0112232 3.15312 -0.00197261 -0.0111199 0.999936 1.26548
0.997864 -0.0650898 0.00563187 65.4085 0.0650119 0.997799 0.013067 3.21129 -0.00647001 -0.0126729 0.999899 1.27807
0.997726 -0.0669817 0.0074931 66.1866 0.0668597 0.997642 0.015502 3.26406 -0.00851378 -0.0149657 0.999852 1.29398
0.997641 -0.0685387 0.00395244 66.9402 0.0684545 0.997482 0.0185165 3.32301 -0.00521158 -0.0182022 0.999821 1.30978
0.99756 -0.0697292 -0.00344879 67.6725 0.0697831 0.997376 0.0192912 3.37847 0.00209458 -0.0194847 0.999808 1.32559
0.997421 -0.071194 -0.00904923 68.3857 0.0713501 0.997284 0.0182825 3.43272 0.00772305 -0.0188811 0.999792 1.33806
0.997362 -0.071666 -0.0115183 69.0827 0.0718749 0.997235 0.0188804 3.48842 0.0101334 -0.0196584 0.999755 1.35448
0.997337 -0.0724218 -0.00856288 69.7606 0.0725894 0.997136 0.0212214 3.54549 0.00700146 -0.0217865 0.999738 1.37687
0.997264 -0.0737222 -0.0054167 70.4175 0.0738254 0.997022 0.0223073 3.59799 0.00375603 -0.0226462 0.999736 1.40459
0.99715 -0.075032 -0.00789191 71.0506 0.0751736 0.99698 0.0195071 3.64383 0.00640442 -0.0200448 0.999779 1.42654
0.997096 -0.0751777 -0.0121327 71.6645 0.0753203 0.99709 0.011756 3.68115 0.0112136 -0.0126357 0.999857 1.44583
0.997082 -0.0743296 -0.0174125 72.2591 0.0744668 0.997196 0.00736361 3.72146 0.0168163 -0.00863878 0.999821 1.46755
0.997271 -0.0715067 -0.0183765 72.8417 0.0716741 0.997391 0.00861372 3.76733 0.0177126 -0.00990734 0.999794 1.48901
0.997589 -0.0676199 -0.0156446 73.4126 0.0678454 0.997593 0.0143613 3.8153 0.0146358 -0.0153881 0.999774 1.5121
0.997928 -0.0631438 -0.0123775 73.9686 0.0633068 0.997906 0.0132495 3.84997 0.011515 -0.0140056 0.999836 1.5318
0.998281 -0.0580413 -0.00814217 74.5127 0.0581136 0.99827 0.0089431 3.87079 0.00760901 -0.00940089 0.999927 1.55282
0.998729 -0.050267 -0.00362685 75.0438 0.0502846 0.998723 0.00492577 3.88937 0.00337461 -0.00510188 0.999981 1.57424
0.999191 -0.0400137 -0.00393301 75.5569 0.0400415 0.999172 0.00725851 3.9104 0.00363931 -0.00741012 0.999966 1.5907
0.999667 -0.0254536 -0.00434131 76.0583 0.0255075 0.999592 0.0128255 3.93552 0.00401309 -0.012932 0.999908 1.60566
0.999965 -0.00757009 -0.00355714 76.5471 0.00763271 0.99981 0.0179189 3.9477 0.00342082 -0.0179454 0.999833 1.6192
0.999903 0.013691 -0.0027197 77.0216 -0.0136426 0.999761 0.0170861 3.9373 0.00295298 -0.0170473 0.99985 1.63034
0.999235 0.0390841 -0.00139223 77.4829 -0.0390614 0.999143 0.013683 3.90892 0.00192582 -0.0136182 0.999905 1.6433
0.997704 0.0677236 0.000506869 77.9354 -0.0677247 0.997629 0.0122035 3.86824 0.0003208 -0.0122098 0.999925 1.65557
0.995002 0.0998222 0.0025258 78.3806 -0.0998451 0.994933 0.0118113 3.81478 -0.00133397 -0.0120044 0.999927 1.66691
0.990681 0.136149 0.00386261 78.8165 -0.136185 0.990614 0.0117274 3.74317 -0.00222968 -0.0121441 0.999924 1.67632
0.984297 0.176465 0.00449874 79.2436 -0.176507 0.984227 0.0119468 3.65563 -0.00231959 -0.0125533 0.999918 1.68362
0.975421 0.22029 0.00521119 79.6579 -0.220337 0.975354 0.0116751 3.54681 -0.00251085 -0.0125364 0.999918 1.6927
0.963514 0.267613 0.00486144 80.0562 -0.267655 0.963416 0.013806 3.41858 -0.00098893 -0.0146034 0.999893 1.7044
0.947774 0.318924 0.00335502 80.439 -0.318938 0.947659 0.0148741 3.26819 0.00156432 -0.0151674 0.999884 1.71532
0.927851 0.372943 0.00241866 80.8042 -0.372935 0.927735 0.0150613 3.09557 0.00337311 -0.0148766 0.999884 1.72235
0.903675 0.428216 0.00182786 81.1507 -0.42819 0.903553 0.0156805 2.90237 0.00506306 -0.0149527 0.999875 1.72657
0.874974 0.48417 0.000788322 81.4777 -0.484119 0.874855 0.0160737 2.68918 0.00709272 -0.0144457 0.99987 1.73006
0.841932 0.539582 -0.00136517 81.7821 -0.539511 0.841856 0.0143539 2.45282 0.00889439 -0.0113485 0.999896 1.73567
0.805555 0.592518 -0.00188629 82.0682 -0.592442 0.805495 0.0137906 2.20182 0.00969059 -0.00999159 0.999903 1.74537
0.766174 0.642633 -0.000678839 82.3377 -0.64258 0.766124 0.0120239 1.93374 0.00824703 -0.00877621 0.999927 1.75451
0.724134 0.689655 0.00260757 82.5911 -0.689635 0.724071 0.0111646 1.64741 0.00581164 -0.00988294 0.999934 1.75987
0.679862 0.733331 0.00361104 82.8234 -0.733324 0.679808 0.00977929 1.34772 0.00471664 -0.00929664 0.999946 1.76337
0.634079 0.773267 0.00118765 83.031 -0.773248 0.63405 0.00826342 1.02973 0.0056368 -0.00615801 0.999965 1.76595
0.58806 0.808809 -0.0036057 83.217 -0.808793 0.588071 0.00507564 0.702601 0.00622564 -6.85165e-05 0.999981 1.76972
0.542229 0.840227 -0.00253595 83.3913 -0.840204 0.542233 0.00628708 0.371215 0.00665765 -0.00127832 0.999977 1.77618
0.495805 0.868433 0.0014026 83.556 -0.868406 0.495775 0.00885174 0.0316986 0.00699176 -0.00560676 0.99996 1.78124
0.451124 0.892458 0.00254612 83.7031 -0.892423 0.451077 0.0105282 -0.317699 0.00824747 -0.00702174 0.999941 1.78556
0.409467 0.91232 -0.00302886 83.8229 -0.912282 0.409478 0.00836631 -0.675772 0.008873 -0.000662555 0.99996 1.78883
0.370604 0.928664 -0.0153318 83.9204 -0.92877 0.370656 0.000612827 -1.04969 0.00625194 0.0140126 0.999882 1.7883
0.335686 0.941762 -0.0199832 84.015 -0.941968 0.335683 -0.00363264 -1.42291 0.00328694 0.020043 0.999794 1.78977
0.303285 0.95272 -0.0185223 84.1167 -0.952886 0.303329 -0.000443244 -1.79588 0.00519607 0.0177841 0.999828 1.79375
0.272556 0.962098 -0.00901762 84.2223 -0.962099 0.272619 0.00667241 -2.16944 0.00887788 0.00685724 0.999937 1.80501
0.244091 0.969747 -0.00330995 84.313 -0.969682 0.244113 0.0111832 -2.55223 0.0116529 0.000479868 0.999932 1.81965
0.218801 0.975759 -0.0044624 84.3843 -0.975675 0.218841 0.0128969 -2.95021 0.0135609 0.00153198 0.999907 1.82975
0.195246 0.9807 -0.0103356 84.4395 -0.980635 0.195375 0.01355 -3.35779 0.0153077 0.00748985 0.999855 1.83652
0.174947 0.984377 -0.0198975 84.4825 -0.984323 0.175326 0.0191925 -3.77845 0.0223812 0.0162279 0.999618 1.82795
0.155332 0.987596 -0.0229506 84.5315 -0.987402 0.155927 0.0269178 -4.20601 0.0301625 0.0184803 0.999374 1.82127
0.137631 0.990273 -0.0204189 84.5848 -0.989994 0.138182 0.0285961 -4.65211 0.0311395 0.0162789 0.999382 1.82821
0.122291 0.992358 -0.0164416 84.6336 -0.992167 0.122659 0.0236571 -5.11762 0.025493 0.0134198 0.999585 1.84634
0.107748 0.994053 -0.0157992 84.6691 -0.993946 0.108053 0.0198829 -5.59282 0.0214717 0.0135612 0.999677 1.86428
0.0942379 0.995397 -0.0174589 84.6958 -0.995369 0.0945407 0.0174153 -6.07942 0.0189857 0.0157369 0.999696 1.87906
0.0823396 0.996384 -0.020965 84.7143 -0.996441 0.0826885 0.0163494 -6.57827 0.0180239 0.0195442 0.999646 1.88969
0.0718088 0.997126 -0.0241561 84.7297 -0.997247 0.0722241 0.016779 -7.09212 0.0184754 0.0228848 0.999567 1.9007
0.0631552 0.997657 -0.0262951 84.7439 -0.997823 0.0636236 0.0173744 -7.62171 0.0190066 0.0251406 0.999503 1.91252
0.057057 0.997979 -0.0279566 84.7566 -0.998187 0.0575621 0.0176058 -8.16875 0.0191795 0.0269013 0.999454 1.92322
0.0511821 0.998257 -0.0293929 84.7692 -0.998486 0.0517432 0.0186556 -8.73166 0.020144 0.0283936 0.999394 1.93186
0.0448099 0.998555 -0.0296699 84.7815 -0.998776 0.045403 0.0196246 -9.31499 0.0209433 0.0287542 0.999367 1.93927
0.0401052 0.998684 -0.0319564 84.7902 -0.998978 0.0407438 0.0195888 -9.91937 0.020865 0.0311382 0.999297 1.94934
0.0365315 0.998767 -0.0336226 84.7915 -0.99912 0.0371975 0.0193986 -10.5385 0.0206253 0.0328843 0.999246 1.95864
0.0330356 0.998855 -0.034609 84.7949 -0.999251 0.0337079 0.0190219 -11.1774 0.0201667 0.0339547 0.99922 1.96959
0.029856 0.998903 -0.0360871 84.7919 -0.999364 0.0305348 0.0184052 -11.8339 0.019487 0.0355146 0.999179 1.97992
0.0283602 0.998776 -0.0405297 84.7872 -0.999413 0.0291117 0.0180739 -12.5064 0.0192317 0.0399933 0.999015 1.99015
0.0284872 0.998605 -0.0444481 84.779 -0.999413 0.029301 0.0177661 -13.1943 0.0190437 0.0439159 0.998854 1.9992
0.0301377 0.998462 -0.0465225 84.7776 -0.999364 0.030986 0.0176205 -13.9011 0.019035 0.0459619 0.998762 2.00941
0.033192 0.998244 -0.0490574 84.7802 -0.999258 0.0341053 0.0178968 -14.624 0.0195385 0.0484269 0.998636 2.02081
0.0369067 0.998068 -0.0499795 84.7855 -0.999127 0.0378341 0.0177371 -15.3648 0.0195937 0.0492813 0.998593 2.03309
0.0407363 0.997847 -0.0513938 84.7997 -0.999006 0.0416089 0.0160239 -16.1229 0.0181279 0.0506899 0.99855 2.04976
0.0446638 0.997673 -0.0515203 84.819 -0.99886 0.0454686 0.0145537 -16.8947 0.0168623 0.0508116 0.998566 2.06739
0.0487955 0.997616 -0.0488024 84.8481 -0.998699 0.0494557 0.0124115 -17.6837 0.0147955 0.0481332 0.998731 2.0832
0.0528432 0.997462 -0.0477127 84.8789 -0.998508 0.053436 0.0112334 -18.4788 0.0137544 0.0470479 0.998798 2.09804
0.0567954 0.997353 -0.0454014 84.9155 -0.998278 0.0573996 0.0121135 -19.2818 0.0146874 0.0446352 0.998895 2.1151
0.0600554 0.997246 -0.0435222 84.9557 -0.998034 0.0607705 0.0152971 -20.0873 0.0178998 0.042518 0.998935 2.13481
0.0613095 0.997378 -0.0384511 85.0018 -0.997836 0.0621639 0.0214317 -20.8968 0.0237658 0.0370539 0.999031 2.15495
0.0609268 0.997495 -0.0359551 85.0433 -0.997788 0.0618253 0.0244259 -21.7121 0.0265877 0.0343874 0.999055 2.17549
0.0609923 0.997575 -0.0335278 85.0849 -0.99778 0.0618354 0.0247115 -22.5309 0.0267248 0.0319461 0.999132 2.20387
0.0609646 0.997676 -0.0304285 85.1273 -0.997853 0.0616492 0.0220917 -23.3514 0.0239162 0.0290164 0.999293 2.23636
0.06082 0.997662 -0.0311648 85.1643 -0.997876 0.0615033 0.0214588 -24.1699 0.0233254 0.0297935 0.999284 2.26607
0.0610239 0.997715 -0.0290166 85.2021 -0.997892 0.0616265 0.0203456 -24.9886 0.0220872 0.0277139 0.999372 2.29657
0.0607064 0.997782 -0.0273229 85.2377 -0.997915 0.0612701 0.020287 -25.8059 0.0219161 0.0260344 0.999421 2.33022
0.0607617 0.997843 -0.0248302 85.2775 -0.997897 0.0612905 0.0211172 -26.6197 0.0225935 0.0234948 0.999469 2.36004
0.0595481 0.997985 -0.0218919 85.3165 -0.997946 0.0600359 0.022337 -27.4325 0.0236062 0.0205168 0.999511 2.38928
0.0568228 0.998205 -0.0189464 85.3555 -0.99811 0.0572416 0.0223493 -28.245 0.0233937 0.0176406 0.999571 2.41906
0.0530263 0.998463 -0.0161129 85.3904 -0.998353 0.0533608 0.0210877 -29.0575 0.0219151 0.0149682 0.999648 2.44922
0.0482248 0.998742 -0.0137286 85.4224 -0.998652 0.0484757 0.0185742 -29.871 0.0192163 0.0128144 0.999733 2.48057
0.0419659 0.999054 -0.0114002 85.4468 -0.99898 0.0421478 0.0161987 -30.684 0.0166639 0.0107088 0.999804 2.51024
0.034535 0.999348 -0.0105513 85.4625 -0.999271 0.0347007 0.0159435 -31.493 0.0162992 0.00999295 0.999817 2.53798
0.0257961 0.99962 -0.00976881 85.4714 -0.999521 0.0259585 0.0168749 -32.2965 0.017122 0.00932882 0.99981 2.56337
0.0156716 0.999826 -0.0100939 85.4679 -0.99972 0.0158473 0.0175559 -33.0992 0.0177128 0.00981592 0.999795 2.58794
0.00542316 0.999925 -0.0109581 85.4575 -0.999845 0.00560595 0.0167098 -33.898 0.01677 0.0108658 0.9998 2.61371
-0.00536277 0.999937 -0.00982712 85.4409 -0.999871 -0.00521332 0.0151667 -34.6914 0.0151145 0.0099072 0.999837 2.63961
-0.0165312 0.999806 -0.0107422 85.4129 -0.999763 -0.0163764 0.0143443 -35.4843 0.0141656 0.0109767 0.999839 2.66146
-0.0276788 0.999557 -0.0109357 85.3758 -0.99952 -0.0275222 0.0142218 -36.2713 0.0139146 0.0113241 0.999839 2.68293
-0.0387995 0.999188 -0.0108406 85.3318 -0.999144 -0.0386374 0.0147744 -37.0513 0.0143436 0.0114046 0.999832 2.70505
-0.0496085 0.998716 -0.0102955 85.2801 -0.998652 -0.0494427 0.0157727 -37.827 0.0152434 0.0110641 0.999823 2.72635
-0.0600105 0.99814 -0.0107593 85.2201 -0.998069 -0.0598258 0.0167405 -38.5949 0.0160657 0.0117431 0.999802 2.74689
-0.0696409 0.997508 -0.0113623 85.1522 -0.997434 -0.0694373 0.0174208 -39.3545 0.0165884 0.0125463 0.999784 2.7682
-0.0793003 0.996781 -0.0117823 85.076 -0.996709 -0.0790841 0.0178066 -40.1063 0.0168175 0.0131556 0.999772 2.79074
-0.0888218 0.995973 -0.0121806 84.9958 -0.995908 -0.0885977 0.0178366 -40.8504 0.0166856 0.013715 0.999767 2.81188
-0.0975473 0.995141 -0.0133727 84.907 -0.995099 -0.097307 0.0175738 -41.5861 0.0161871 0.0150215 0.999756 2.83389
-0.105069 0.994353 -0.014904 84.8132 -0.994357 -0.104825 0.0162996 -42.3142 0.0146453 0.0165325 0.999756 2.85577
-0.110445 0.993723 -0.0177795 84.715 -0.9938 -0.110188 0.0148363 -43.0315 0.012784 0.0193079 0.999732 2.87913
-0.114509 0.993201 -0.0209581 84.6147 -0.993365 -0.114251 0.0131091 -43.7437 0.0106255 0.0223201 0.999694 2.89846
-0.117455 0.992814 -0.022913 84.516 -0.993037 -0.117208 0.0118382 -44.4446 0.00906752 0.0241439 0.999667 2.91603
-0.119262 0.992585 -0.0234669 84.4201 -0.992828 -0.119028 0.0111265 -45.1291 0.00825079 0.0246256 0.999663 2.93308
-0.120334 0.992447 -0.0238725 84.3255 -0.9927 -0.120095 0.0111724 -45.8018 0.00822101 0.0250427 0.999653 2.94914
-0.119788 0.992491 -0.024759 84.2321 -0.992756 -0.119512 0.0123406 -46.4563 0.00928897 0.0260579 0.999617 2.96465
-0.117111 0.992784 -0.0257958 84.1434 -0.993063 -0.116789 0.0136227 -47.0936 0.0105117 0.0272122 0.999574 2.98007
-0.112396 0.993326 -0.0259159 84.0629 -0.993597 -0.112049 0.0144767 -47.7143 0.0114762 0.0273771 0.999559 2.99585
-0.104907 0.99416 -0.0253072 83.9931 -0.994406 -0.104551 0.0150206 -48.3154 0.012287 0.0267414 0.999567 3.01227
-0.0942912 0.995243 -0.0244963 83.932 -0.99546 -0.093934 0.0153436 -48.899 0.0129696 0.0258318 0.999582 3.02967
-0.0810438 0.996415 -0.0242743 83.8807 -0.996619 -0.0806823 0.0155172 -49.4623 0.0135031 0.0254498 0.999585 3.04751
-0.0645121 0.997644 -0.0233252 83.846 -0.997799 -0.0641279 0.0168589 -50.0058 0.0153234 0.0243614 0.999586 3.0648
-0.0442179 0.998774 -0.0222708 83.8269 -0.99885 -0.0437856 0.0195342 -50.5408 0.0185351 0.023109 0.999561 3.0858
-0.0205278 0.999571 -0.0208691 83.8217 -0.99954 -0.0200518 0.0227653 -51.0685 0.0223371 0.0213269 0.999523 3.1072
0.00720086 0.99978 -0.0196934 83.8297 -0.999666 0.0076858 0.0246564 -51.5938 0.0248023 0.0195093 0.999502 3.12718
0.0394894 0.999042 -0.0188498 83.8549 -0.998894 0.0399512 0.0247842 -52.1164 0.0255135 0.0178502 0.999515 3.14771
0.076617 0.996885 -0.0187066 83.8987 -0.996768 0.0770356 0.0227868 -52.6346 0.0241569 0.0169003 0.999565 3.16895
0.118037 0.992854 -0.0175868 83.9671 -0.992776 0.118375 0.0195698 -53.1472 0.0215118 0.0151497 0.999654 3.1916
0.16234 0.986616 -0.0153339 84.0598 -0.986579 0.162572 0.01526 -53.6508 0.0175486 0.0126507 0.999766 3.21408
0.209831 0.97767 -0.0115437 84.1761 -0.977634 0.209966 0.0121058 -54.1497 0.0142593 0.00874529 0.99986 3.23688
0.260449 0.965452 -0.0083508 84.3231 -0.965404 0.260531 0.0108828 -54.6309 0.0126824 0.00522749 0.999906 3.26047
0.314103 0.949357 -0.00773803 84.4907 -0.949303 0.314174 0.0108734 -55.0953 0.0127538 0.00393036 0.999911 3.27856
0.371046 0.928543 -0.0115496 84.6788 -0.928493 0.37117 0.0115372 -55.5434 0.0149997 0.00644291 0.999867 3.29646
0.430138 0.902635 -0.0152364 84.8943 -0.902542 0.430345 0.0148682 -55.9678 0.0199775 0.00735613 0.999773 3.31454
0.489131 0.871966 -0.0206327 85.1358 -0.871815 0.489484 0.01855 -56.3725 0.0262744 0.00891451 0.999615 3.33313
0.547 0.836858 -0.0214432 85.4095 -0.83656 0.547394 0.0229733 -56.7522 0.0309633 0.0053721 0.999506 3.35026
0.602695 0.79767 -0.0219491 85.7092 -0.79723 0.603093 0.0265047 -57.1096 0.0343793 0.00152423 0.999408 3.36763
0.65583 0.754524 -0.0241023 86.0301 -0.754008 0.656273 0.0278817 -57.4464 0.0368551 -0.000112319 0.999321 3.38655
0.705402 0.708345 -0.0255956 86.3714 -0.707856 0.705866 0.0263342 -57.7618 0.0367208 -0.000458166 0.999325 3.40841
0.751538 0.659281 -0.0232339 86.7352 -0.658887 0.751895 0.022859 -58.0528 0.0325399 -0.00187095 0.999469 3.43199
0.794201 0.607361 -0.0189165 87.1196 -0.607098 0.794421 0.018107 -58.3166 0.0260252 -0.00289639 0.999657 3.45665
0.832082 0.554466 -0.0144025 87.524 -0.554277 0.832193 0.0152173 -58.5517 0.0204231 -0.00467906 0.99978 3.47927
0.864856 0.501937 -0.00915538 87.9441 -0.501827 0.864885 0.011972 -58.7658 0.0139276 -0.00575965 0.999886 3.49791
0.892045 0.451932 -0.00348284 88.3799 -0.451867 0.892007 0.0118289 -58.9555 0.00845256 -0.0089781 0.999924 3.5175
0.913782 0.406205 -0.000122108 88.8255 -0.406168 0.913703 0.0132183 -59.1231 0.00548089 -0.012029 0.999913 3.53266
0.930547 0.366143 0.00471172 89.2891 -0.366164 0.93036 0.0188278 -59.2687 0.00251007 -0.0192454 0.999812 3.54079
0.943554 0.331195 0.00405745 89.7527 -0.331197 0.943275 0.0232403 -59.4018 0.00386978 -0.0232723 0.999722 3.54331
0.953907 0.300085 0.00331882 90.2238 -0.300069 0.953572 0.0256708 -59.5308 0.00453869 -0.0254835 0.999665 3.54503
0.960862 0.277027 0.00085777 90.6963 -0.276987 0.960663 0.0200965 -59.6642 0.00474325 -0.0195476 0.999798 3.55013
0.965291 0.261178 0.000441601 91.1762 -0.261147 0.965149 0.0170232 -59.7909 0.00401988 -0.0165477 0.999855 3.56024
0.968657 0.248401 0.000747554 91.6685 -0.248363 0.96845 0.0205217 -59.9075 0.00437365 -0.0200642 0.999789 3.56475
0.97108 0.238745 0.00215094 92.1748 -0.238719 0.970742 0.0259406 -60.0207 0.00410517 -0.0257039 0.999661 3.56299
0.972582 0.232545 0.00246688 92.6885 -0.232499 0.972039 0.0329245 -60.1317 0.00525852 -0.0325953 0.999455 3.5676
0.973263 0.229695 6.83218e-05 93.2116 -0.229522 0.972515 0.0391859 -60.2469 0.00893439 -0.0381539 0.999232 3.57721
0.973468 0.228815 -0.00168499 93.7424 -0.228554 0.972658 0.0412313 -60.3707 0.0110733 -0.0397523 0.999148 3.59114
0.972953 0.230958 -0.00461485 94.282 -0.230587 0.972204 0.040602 -60.5033 0.0138639 -0.0384397 0.999165 3.60375
0.971888 0.235137 -0.0119794 94.8294 -0.234522 0.97133 0.0389514 -60.6439 0.0207949 -0.035047 0.999169 3.61206
0.970788 0.239311 -0.0173811 95.3868 -0.238512 0.970366 0.0387673 -60.7855 0.0261435 -0.0334892 0.999097 3.62159
0.969739 0.243648 -0.0155818 95.9664 -0.242791 0.969106 0.0434301 -60.9253 0.0256821 -0.0383327 0.998935 3.63792
0.968409 0.249144 -0.0105797 96.5593 -0.248404 0.967523 0.0468404 -61.0686 0.0219061 -0.0427326 0.998846 3.65688
0.967216 0.253872 -0.00647279 97.1606 -0.253353 0.966364 0.0441957 -61.2299 0.0174751 -0.0411068 0.999002 3.67623
0.966289 0.257456 -0.00151839 97.7719 -0.257195 0.965544 0.0396989 -61.4009 0.0116868 -0.0379701 0.999211 3.69457
0.965384 0.260816 0.00284001 98.394 -0.260741 0.964706 0.0368305 -61.5741 0.00686618 -0.0362961 0.999317 3.71091
0.964527 0.263968 0.00309634 99.0226 -0.263927 0.963996 0.0324653 -61.7515 0.00558493 -0.0321309 0.999468 3.7223
0.964366 0.264573 -0.000611976 99.6569 -0.264445 0.963966 0.0289512 -61.9345 0.00824962 -0.0277577 0.999581 3.73364
0.964401 0.264352 -0.00699084 100.299 -0.264065 0.964097 0.0280379 -62.1159 0.0141517 -0.0251938 0.999582 3.74565
0.964464 0.263801 -0.014794 100.952 -0.26329 0.96426 0.0296757 -62.2939 0.0220937 -0.024726 0.99945 3.758
0.964994 0.261622 -0.0184692 101.622 -0.260925 0.964781 0.0333873 -62.4732 0.0265536 -0.0273995 0.999272 3.77183
0.965728 0.259122 -0.0149958 102.31 -0.25855 0.96546 0.032242 -62.659 0.0228325 -0.0272598 0.999368 3.78864
0.96628 0.257348 -0.00869199 103.014 -0.257024 0.966004 0.0278357 -62.8511 0.01556 -0.024663 0.999575 3.81097
0.966979 0.254851 -0.00165441 103.729 -0.254709 0.966622 0.0276715 -63.0398 0.0086513 -0.0263364 0.999616 3.83406
0.96747 0.252985 -0.00110452 104.449 -0.252833 0.967023 0.0306955 -63.2229 0.0088336 -0.0294177 0.999528 3.85126
0.967935 0.251162 -0.00437197 105.177 -0.250842 0.967337 0.0365825 -63.4025 0.0134173 -0.0343129 0.999321 3.86498
0.96879 0.247695 -0.00964784 105.914 -0.247172 0.968225 0.0380217 -63.5907 0.0187591 -0.0344504 0.99923 3.87796
0.969758 0.243703 -0.0133818 106.663 -0.243069 0.969288 0.037383 -63.7811 0.0220811 -0.0329998 0.999211 3.89385
0.970705 0.239953 -0.0124448 107.428 -0.239394 0.970278 0.035362 -63.9738 0.0205601 -0.0313468 0.999297 3.91462
0.971589 0.236369 -0.0120687 108.201 -0.235906 0.971278 0.0311079 -64.169 0.019075 -0.027377 0.999443 3.93806
0.972082 0.234449 -0.00949436 108.989 -0.234085 0.971768 0.0294997 -64.3632 0.0161425 -0.0264537 0.99952 3.96191
0.972476 0.232883 -0.007549 109.796 -0.232615 0.972211 0.0263787 -64.5594 0.0134824 -0.0238966 0.999623 3.98108
0.972645 0.232176 -0.00743527 110.603 -0.231978 0.972492 0.0210953 -64.7598 0.0121286 -0.0187934 0.99975 3.99915
0.972802 0.231563 -0.00594166 111.42 -0.231388 0.97262 0.0216691 -64.9546 0.0107967 -0.0197049 0.999748 4.01924
0.972683 0.232043 -0.00661087 112.238 -0.2318 0.97241 0.0262216 -65.1432 0.012513 -0.0239729 0.999634 4.0387
0.972516 0.232684 -0.0084303 113.061 -0.232306 0.972107 0.0322753 -65.3319 0.0157051 -0.0294298 0.999443 4.05754
0.972326 0.233486 -0.00809848 113.888 -0.232993 0.971657 0.0399566 -65.5214 0.0171982 -0.0369639 0.999169 4.0756
0.971734 0.236011 -0.00569986 114.724 -0.235493 0.970736 0.0470618 -65.7109 0.0166402 -0.0443893 0.998876 4.09798
0.970978 0.239159 -0.0020113 115.562 -0.23876 0.969781 0.0501782 -65.9075 0.0139511 -0.0482417 0.998738 4.12301
0.970373 0.241599 -0.00239641 116.398 -0.241172 0.96916 0.0506528 -66.1142 0.0145602 -0.0485742 0.998713 4.14585
0.969837 0.243689 -0.00563237 117.237 -0.243103 0.968676 0.0506709 -66.3215 0.0178039 -0.0477733 0.998699 4.16409
0.9696 0.24461 -0.00645643 118.089 -0.244109 0.968768 0.0435729 -66.5393 0.0169131 -0.0406722 0.999029 4.17529
0.969493 0.24498 -0.00830624 118.936 -0.244523 0.968939 0.0369487 -66.7595 0.0170999 -0.0337904 0.999283 4.19179
0.969129 0.2464 -0.00870088 119.781 -0.245959 0.968638 0.0352757 -66.9731 0.01712 -0.0320467 0.99934 4.21144
0.968889 0.24742 -0.00604464 120.63 -0.247017 0.96825 0.0383928 -67.18 0.0153519 -0.0357053 0.999244 4.22876
0.968688 0.24828 -0.000363946 121.48 -0.24807 0.967926 0.0397479 -67.3882 0.0102209 -0.038413 0.99921 4.2455
0.968438 0.249164 0.00678064 122.326 -0.249221 0.967488 0.0430937 -67.5981 0.0041772 -0.0434235 0.999048 4.26679
0.968129 0.250452 0.000715289 123.144 -0.250253 0.967236 0.042759 -67.8158 0.0100172 -0.0415752 0.999085 4.29317
0.967876 0.251047 -0.0138431 123.95 -0.250337 0.967337 0.0398971 -68.0426 0.023407 -0.03515 0.999108 4.3209
0.967703 0.250722 -0.0262434 124.756 -0.249722 0.967639 0.0362441 -68.2722 0.0344813 -0.02852 0.998998 4.35001
0.968076 0.249789 -0.0208445 125.581 -0.249001 0.967893 0.0343761 -68.4964 0.028762 -0.0280884 0.999191 4.38289
0.968651 0.248425 -0.000166735 126.42 -0.248322 0.968269 0.0281255 -68.7205 0.00714852 -0.0272024 0.999604 4.41745
0.968848 0.247052 0.017304 127.254 -0.247427 0.968594 0.0246206 -68.9419 -0.010678 -0.0281351 0.999547 4.45099
0.969072 0.246432 0.0130647 128.06 -0.246706 0.968712 0.0270896 -69.1566 -0.00598014 -0.0294749 0.999548 4.46293
0.969413 0.245433 -0.00105833 128.853 -0.245245 0.968824 0.0351447 -69.366 0.009651 -0.0338102 0.999382 4.4634
0.969608 0.244449 -0.010223 129.648 -0.243939 0.969109 0.0363639 -69.5826 0.0187963 -0.032765 0.999286 4.46636
0.97004 0.242606 -0.012856 130.448 -0.242088 0.969703 0.0327124 -69.803 0.0204027 -0.02862 0.999382 4.4862
0.970737 0.239957 -0.00947653 131.255 -0.239547 0.970351 0.0321847 -70.0072 0.0169185 -0.0289728 0.999437 4.50614
0.971557 0.236535 -0.0112879 132.053 -0.236082 0.971213 0.031783 -70.2059 0.0184807 -0.0282142 0.999431 4.51415
0.972659 0.231839 -0.0136277 132.847 -0.231312 0.972345 0.0322477 -70.4031 0.0207271 -0.0282138 0.999387 4.51816
0.973416 0.228753 -0.0115816 133.645 -0.2282 0.972922 0.0367212 -70.588 0.0196681 -0.033102 0.999258 4.53282
0.973902 0.226652 -0.0120171 134.441 -0.225954 0.973186 0.0430648 -70.7702 0.0214556 -0.0392255 0.999 4.5444
0.974361 0.224807 -0.00911396 135.239 -0.224187 0.9735 0.0451362 -70.9566 0.0190194 -0.0419357 0.998939 4.56221
0.974731 0.223328 -0.00480695 136.037 -0.22292 0.973881 0.0431535 -71.1476 0.0143188 -0.0409915 0.999057 4.5802
0.975028 0.222038 -0.00449555 136.829 -0.221661 0.974223 0.0418995 -71.3363 0.0136829 -0.0398567 0.999112 4.59792
0.975554 0.21959 -0.0086034 137.618 -0.219083 0.974879 0.0401647 -71.5201 0.017207 -0.037298 0.999156 4.61416
0.976487 0.21521 -0.0125684 138.4 -0.214648 0.976033 0.0358503 -71.7047 0.0199826 -0.0323095 0.999278 4.62661
0.977834 0.208811 -0.0154333 139.191 -0.208234 0.977537 0.0325714 -71.8799 0.0218879 -0.0286357 0.99935 4.64404
0.979285 0.202166 -0.0113799 139.99 -0.20173 0.978939 0.031368 -72.0437 0.0174817 -0.0284226 0.999443 4.66532
0.980598 0.196011 -0.00285726 140.793 -0.195847 0.980201 0.0291523 -72.2047 0.00851487 -0.0280271 0.999571 4.68773
0.981431 0.191747 0.00519003 141.597 -0.191817 0.981122 0.0246269 -72.3564 -0.000369923 -0.0251651 0.999683 4.70086
0.982182 0.187639 0.0104977 142.397 -0.18788 0.981696 0.0312087 -72.4941 -0.00444957 -0.0326249 0.999458 4.71081
0.983035 0.183307 0.00631178 143.188 -0.183415 0.98242 0.0347802 -72.6286 0.000174625 -0.0353478 0.999375 4.71842
0.984279 0.176578 -0.00401449 143.973 -0.176329 0.983696 0.0353745 -72.7692 0.0101954 -0.0341105 0.999366 4.72372
0.985353 0.170152 -0.0113153 144.766 -0.169706 0.984951 0.0327326 -72.9078 0.0167145 -0.0303329 0.9994 4.72857
0.986467 0.163559 -0.0114301 145.57 -0.163138 0.98611 0.0312002 -73.0404 0.0163745 -0.0289133 0.999448 4.74243
0.987746 0.15593 -0.00658409 146.384 -0.155577 0.987103 0.0377207 -73.1579 0.012381 -0.0362341 0.999267 4.76394
0.988935 0.148199 -0.00671363 147.194 -0.147773 0.988062 0.0435498 -73.2668 0.0130875 -0.0420758 0.999029 4.78014
0.990281 0.138548 -0.0121477 147.999 -0.13785 0.989364 0.046437 -73.3796 0.0184523 -0.0443111 0.998847 4.79318
0.991394 0.129998 -0.0154402 148.806 -0.129191 0.990594 0.0450834 -73.4895 0.0211557 -0.0427007 0.998864 4.80263
0.992435 0.121943 -0.0142145 149.623 -0.121196 0.991605 0.0450632 -73.591 0.0195904 -0.0429996 0.998883 4.8162
0.993451 0.114035 -0.00713474 150.447 -0.113566 0.992372 0.0479615 -73.6748 0.0125496 -0.0468372 0.998824 4.82869
0.994372 0.105939 -0.00118541 151.274 -0.105742 0.993092 0.050868 -73.7505 0.00656613 -0.0504563 0.998705 4.8442
0.995153 0.0983113 0.00247775 152.096 -0.0983114 0.99389 0.0501762 -73.826 0.00247027 -0.0501765 0.998737 4.85718
0.995759 0.0919124 0.00388285 152.917 -0.0919914 0.994501 0.0500465 -73.8991 0.000738399 -0.0501915 0.998739 4.8677
0.996159 0.0875248 0.00260426 153.738 -0.087546 0.994928 0.0495392 -73.9662 0.00174485 -0.0495769 0.998769 4.87892
0.996528 0.0831983 -0.00328558 154.554 -0.0829021 0.995105 0.0537926 -74.0252 0.00774495 -0.0533334 0.998547 4.89107
0.996773 0.079828 -0.00844459 155.37 -0.07917 0.995 0.060892 -74.0725 0.0132633 -0.0600269 0.998109 4.90006
0.996942 0.0772124 -0.0120573 156.188 -0.0763245 0.995156 0.0619701 -74.1219 0.0167837 -0.0608603 0.998005 4.9072
0.997244 0.0739245 -0.00623814 157.022 -0.0733808 0.995275 0.0635816 -74.1742 0.0109089 -0.0629486 0.997957 4.91537
0.997439 0.071446 0.00319954 157.861 -0.0715019 0.995286 0.065516 -74.22 0.0014964 -0.065577 0.997846 4.9223
0.997626 0.0679174 0.0114253 158.697 -0.0685282 0.995444 0.0662933 -74.2676 -0.00687073 -0.0669188 0.997735 4.93006
0.997955 0.0632737 0.00910738 159.519 -0.06373 0.995891 0.0643452 -74.3158 -0.0049986 -0.064794 0.997886 4.933
0.998296 0.0583541 -4.94737e-05 160.333 -0.0582655 0.996828 0.0542167 -74.3725 0.00321309 -0.0541214 0.998529 4.93311
0.998635 0.0516261 -0.00789636 161.149 -0.0511821 0.997499 0.0487401 -74.4199 0.0103929 -0.0482695 0.99878 4.92846
0.99898 0.0447115 -0.00640195 161.976 -0.0443147 0.997635 0.0525356 -74.4458 0.00873576 -0.0521982 0.998598 4.92928
0.999306 0.0372254 -0.00171427 162.81 -0.0370908 0.998027 0.0506584 -74.4722 0.00359667 -0.0505596 0.998715 4.93495
0.999554 0.0297359 0.00275596 163.646 -0.0298318 0.998475 0.046456 -74.5015 -0.00137034 -0.0465175 0.998917 4.93927
0.999702 0.0239426 0.00472744 164.487 -0.0241052 0.998986 0.0380324 -74.5285 -0.00381205 -0.038135 0.999265 4.93865
0.999825 0.0178819 0.0054465 165.329 -0.0180544 0.999277 0.0334621 -74.5478 -0.00484419 -0.0335545 0.999425 4.94147
0.99993 0.0118175 -3.93707e-05 166.165 -0.011811 0.999478 0.0300856 -74.5582 0.000394888 -0.030083 0.999547 4.94426
0.999936 0.00476591 -0.0102459 166.994 -0.00453405 0.999736 0.0225255 -74.5689 0.0103506 -0.0224776 0.999694 4.94346
0.999835 -0.00237105 -0.0179899 167.826 0.00256394 0.999939 0.0107052 -74.584 0.0179635 -0.0107496 0.999781 4.94853
0.999911 -0.00865699 -0.0101236 168.677 0.00878547 0.999881 0.0127078 -74.5752 0.0100124 -0.0127956 0.999868 4.95657
0.9999 -0.0138608 0.00273374 169.538 0.0137955 0.999649 0.0226225 -74.5458 -0.00304634 -0.0225825 0.99974 4.96634
0.999756 -0.0188347 0.011499 170.394 0.018495 0.999409 0.0289712 -74.5154 -0.0120379 -0.0287515 0.999514 4.97602
0.999691 -0.0227885 0.00989274 171.238 0.0224962 0.999334 0.0287236 -74.49 -0.0105407 -0.0284922 0.999538 4.97598
0.999698 -0.0245654 -0.000600453 172.075 0.0245725 0.999252 0.0298696 -74.4604 -0.000133755 -0.0298753 0.999554 4.97313
0.999573 -0.0271073 -0.0109445 172.914 0.027527 0.998812 0.0402155 -74.4178 0.00984132 -0.0404995 0.999131 4.97465
0.999473 -0.029026 -0.0145344 173.761 0.029593 0.998743 0.0404455 -74.385 0.0133422 -0.0408543 0.999076 4.98107
0.999431 -0.0318797 -0.0109776 174.618 0.0322388 0.998893 0.0342509 -74.3655 0.0098735 -0.0345853 0.999353 4.99363
0.999473 -0.0323901 -0.00195743 175.48 0.0324384 0.998883 0.0343636 -74.335 0.000842202 -0.0344089 0.999407 5.00516
0.999474 -0.0321462 0.00432612 176.343 0.0319686 0.99883 0.0362759 -74.2979 -0.00548719 -0.0361185 0.999332 5.01847
0.999425 -0.0337684 0.00304065 177.199 0.0336413 0.998818 0.0350797 -74.267 -0.00422163 -0.0349572 0.99938 5.03019
0.999352 -0.0357179 -0.00442285 178.048 0.0358489 0.998769 0.0342909 -74.2346 0.0031926 -0.0344272 0.999402 5.04075
0.999162 -0.0378373 -0.0156048 178.893 0.0382077 0.998978 0.0241574 -74.2148 0.0146748 -0.0247334 0.999586 5.05039
0.998978 -0.0402594 -0.0205493 179.741 0.0405246 0.999098 0.0126503 -74.1978 0.0200215 -0.0134701 0.999709 5.06528
0.99901 -0.0414297 -0.0162078 180.602 0.0416597 0.999032 0.0141108 -74.1609 0.0156076 -0.0147721 0.999769 5.08446
0.999066 -0.0426479 -0.0070086 181.464 0.0427766 0.998897 0.0193552 -74.1161 0.00617541 -0.019637 0.999788 5.10877
0.999015 -0.0443524 -0.00134125 182.315 0.0443712 0.998774 0.0219366 -74.0726 0.000366669 -0.0219745 0.999758 5.12824
0.99896 -0.0453192 -0.00506078 183.154 0.045411 0.998773 0.0197756 -74.0374 0.00415835 -0.0199848 0.999792 5.14052
0.998904 -0.0453714 -0.0114666 183.99 0.0455943 0.99876 0.0199835 -74.0027 0.0105457 -0.0204844 0.999735 5.15094
0.998872 -0.04551 -0.0135432 184.829 0.0458584 0.998593 0.0266281 -73.9529 0.0123123 -0.0272191 0.999554 5.16385
0.998899 -0.0459526 -0.00946679 185.671 0.0462167 0.998485 0.0298671 -73.9078 0.00807998 -0.0302718 0.999509 5.18092
0.998883 -0.0467962 -0.0066022 186.509 0.0469916 0.998335 0.0334502 -73.8636 0.00502587 -0.0337231 0.999419 5.19858
0.99888 -0.0471553 -0.00379791 187.345 0.0472628 0.998213 0.0365607 -73.8186 0.0020671 -0.0366993 0.999324 5.21049
0.998855 -0.0476641 -0.00409989 188.177 0.0477912 0.998036 0.0404917 -73.7688 0.00216185 -0.0406412 0.999171 5.22175
0.998817 -0.0482224 -0.00620435 189.003 0.0484276 0.998071 0.0388348 -73.7235 0.00431968 -0.0390893 0.999226 5.23358
0.99872 -0.0490921 -0.012171 189.816 0.0495498 0.997942 0.0406942 -73.6756 0.0101482 -0.0412452 0.999097 5.24202
0.998645 -0.0502952 -0.0133534 190.629 0.0508135 0.997832 0.0418122 -73.6255 0.0112215 -0.0424341 0.999036 5.24872
0.998775 -0.0474668 -0.0139554 191.34 0.0480134 0.997969 0.0418619 -73.5914 0.01194 -0.0424807 0.999026 5.25412
0.998906 -0.0444418 -0.0145503 192.047 0.0450162 0.998109 0.0418672 -73.5581 0.0126621 -0.0424764 0.999017 5.25945
0.999027 -0.0414155 -0.0151452 192.754 0.0420177 0.998239 0.0418764 -73.5247 0.0133842 -0.042472 0.999008 5.26479
0.999139 -0.0383895 -0.01574 193.461 0.0390195 0.99836 0.0418892 -73.4913 0.014106 -0.0424673 0.998998 5.27013
0.999241 -0.0353633 -0.0163345 194.167 0.0360211 0.998472 0.0419058 -73.458 0.0148276 -0.0424623 0.998988 5.27547
0.999334 -0.0323359 -0.0169291 194.874 0.0330216 0.998575 0.0419261 -73.4247 0.0155492 -0.0424571 0.998977 5.2808
0.999417 -0.0293082 -0.0175235 195.581 0.0300219 0.998669 0.0419501 -73.3913 0.0162707 -0.0424517 0.998966 5.28614
0.99949 -0.0262801 -0.0181178 196.288 0.0270217 0.998753 0.0419779 -73.3579 0.016992 -0.0424461 0.998954 5.29147
0.999555 -0.0232517 -0.0187119 196.995 0.0240213 0.998828 0.0420094 -73.3245 0.0177132 -0.0424401 0.998942 5.2968
