1 0 0 0 0 1 0 0 0 0 1 0
0.99999 -0.0044255 -0.000838307 0.783127 0.00442803 0.999986 0.00304671 0.0177152 0.000824812 -0.00305039 0.999995 0.0094141
0.999959 -0.00905815 7.36036e-05 1.58967 0.00905769 0.999948 0.00475158 0.0347848 -0.00011664 -0.00475072 0.999989 0.00953948
0.999906 -0.0134267 0.00281998 2.40009 0.0134136 0.999899 0.00460184 0.0493528 -0.00288148 -0.00456358 0.999985 0.0150317
0.999841 -0.0170786 0.00514108 3.21485 0.0170629 0.99985 0.00308907 0.0622239 -0.00519306 -0.00300085 0.999982 0.0205341
0.999792 -0.0197349 0.00517486 4.03509 0.0197162 0.999799 0.00363835 0.0850802 -0.00524562 -0.00353557 0.99998 0.0259578
0.999751 -0.0218333 0.00455853 4.86562 0.0218181 0.999756 0.00336487 0.106817 -0.00463089 -0.00326458 0.999984 0.0217944
0.99971 -0.0236772 0.00449468 5.69866 0.0236718 0.999719 0.00124867 0.121855 -0.00452298 -0.00114191 0.999989 0.0294288
0.999655 -0.0257555 0.00513142 6.55047 0.0257503 0.999668 0.00108845 0.151217 -0.00515774 -0.000955941 0.999986 0.0289042
0.99962 -0.0271237 0.0050059 7.41231 0.0271296 0.999631 -0.00112145 0.17241 -0.00497364 0.00125684 0.999987 0.0313385
0.999577 -0.0288905 0.00323997 8.28739 0.0288914 0.999583 -0.000235353 0.201182 -0.00323182 0.00032886 0.999995 0.0343392
0.99954 -0.030315 0.000598363 9.15299 0.0303146 0.99954 0.000750532 0.239198 -0.00062084 -0.000732047 1 0.0379007
0.999484 -0.0321107 -0.00083367 10.0277 0.0321141 0.999474 0.00450227 0.276912 0.00068866 -0.00452672 0.99999 0.0431624
0.999447 -0.0332526 -0.000835662 10.9205 0.0332575 0.999425 0.00664333 0.31602 0.000614273 -0.00666744 0.999978 0.0405932
0.999404 -0.0345264 0.000634895 11.8263 0.0345215 0.999383 0.00652504 0.346098 -0.000859789 -0.00649923 0.999978 0.0459877
0.999348 -0.0360431 0.00196029 12.7294 0.03603 0.999331 0.00635623 0.378767 -0.00218807 -0.00628146 0.999978 0.0529164
0.999308 -0.0371093 0.00246266 13.6441 0.0370942 0.999294 0.00591537 0.415557 -0.00268044 -0.00581992 0.999979 0.064545
0.999251 -0.0386675 0.0016127 14.5549 0.0386582 0.999238 0.00546048 0.461673 -0.00182261 -0.00539405 0.999984 0.0633781
0.999209 -0.0397578 0.00121362 15.4829 0.0397519 0.999199 0.00454081 0.499953 -0.00139318 -0.00448897 0.999989 0.0734874
0.999174 -0.040551 0.00263997 16.4043 0.0405347 0.99916 0.00595812 0.533297 -0.00287936 -0.00584619 0.999979 0.0781781
0.999153 -0.0407066 0.0059459 17.3262 0.0406596 0.999142 0.00781776 0.580588 -0.00625903 -0.00756938 0.999952 0.0769037
0.999157 -0.0399602 0.00943913 18.2699 0.0398882 0.999174 0.00770523 0.622419 -0.00973924 -0.00732223 0.999926 0.0734403
0.999181 -0.0384719 0.0125739 19.2136 0.0383861 0.999238 0.00699227 0.658266 -0.0128333 -0.00650388 0.999897 0.0705647
0.999227 -0.0368978 0.0135948 20.1578 0.036835 0.99931 0.00484578 0.698138 -0.0137643 -0.00434127 0.999896 0.0657003
0.999309 -0.0353795 0.0113606 21.105 0.0353373 0.999368 0.00389163 0.736267 -0.0114911 -0.00348748 0.999928 0.0605249
0.999389 -0.034229 0.00705161 22.0622 0.0342037 0.999408 0.00367817 0.780436 -0.00717334 -0.00343473 0.999968 0.0619498
0.99945 -0.0329297 0.00401857 23.0147 0.0329103 0.999447 0.00479577 0.812673 -0.00417428 -0.00466087 0.99998 0.0618175
0.999473 -0.0321562 0.00451389 23.9974 0.0321261 0.999462 0.00660326 0.84525 -0.0047238 -0.00645476 0.999968 0.0672422
0.99945 -0.0319365 0.00890549 24.9715 0.0318788 0.99947 0.0065501 0.882973 -0.00910996 -0.0062626 0.999939 0.0673134
0.99938 -0.0328633 0.0126681 25.95 0.0328549 0.99946 0.000874678 0.914222 -0.01269 -0.000457926 0.999919 0.0632475
0.999351 -0.03364 0.0128803 26.9301 0.0337609 0.999387 -0.00928257 0.937498 -0.0125602 0.00971139 0.999874 0.0593916
0.999334 -0.0351282 0.00992759 27.9148 0.035254 0.999296 -0.0127994 0.97168 -0.00947099 0.0131409 0.999869 0.0573195
0.999301 -0.0367987 0.00654012 28.8995 0.0368767 0.999245 -0.0122377 1.01075 -0.00608485 0.0124703 0.999904 0.0600523
0.999242 -0.0385855 0.00515823 29.8908 0.0386286 0.999217 -0.00853924 1.05743 -0.0048247 0.00873202 0.99995 0.0573409
0.999207 -0.0393321 0.00617725 30.8909 0.0393738 0.999201 -0.00678992 1.10143 -0.00590525 0.00702776 0.999958 0.0693573
0.999136 -0.0406194 0.008845 31.8982 0.0406698 0.999157 -0.00559469 1.15013 -0.00861029 0.00594958 0.999945 0.0645808
0.999066 -0.0419699 0.0103096 32.8986 0.0420049 0.999112 -0.00320457 1.20206 -0.0101659 0.00363463 0.999942 0.0687364
0.999004 -0.0427763 0.0126735 33.901 0.0428249 0.999076 -0.00359138 1.25024 -0.0125082 0.00413055 0.999913 0.0648641
0.998961 -0.0427902 0.01566 34.9118 0.0428349 0.999079 -0.00253318 1.29598 -0.0155372 0.00320134 0.999874 0.0703338
0.998881 -0.0436575 0.0181865 35.9183 0.0436616 0.999046 0.000169773 1.35127 -0.0181766 0.000624468 0.999835 0.0570196
0.998891 -0.043548 0.0178952 36.9233 0.0435467 0.999051 0.00046208 1.39941 -0.0178984 0.000317711 0.99984 0.0476901
0.998914 -0.0434195 0.0169035 37.9075 0.0434447 0.999055 -0.0011234 1.44389 -0.0168388 0.00185655 0.999856 0.0431083
0.998952 -0.043343 0.0146918 38.9027 0.0433191 0.999059 0.00193916 1.49732 -0.014762 -0.0013007 0.99989 0.0408905
0.998917 -0.0443025 0.0142202 39.9021 0.0442518 0.999013 0.00385846 1.54725 -0.0143771 -0.00322501 0.999891 0.0359056
0.998847 -0.0454311 0.0155163 40.9013 0.0454323 0.998967 0.000275568 1.59275 -0.0155128 0.000429689 0.99988 0.0284175
0.998792 -0.0462851 0.0165254 41.887 0.046284 0.998928 0.000445729 1.64248 -0.0165283 0.000319671 0.999863 0.0185049
0.99881 -0.0465556 0.0145286 42.8735 0.0465575 0.998916 0.000207444 1.68959 -0.0145225 0.00046922 0.999894 0.0278776
0.998837 -0.047161 0.0100406 43.8456 0.0471372 0.998885 0.00259584 1.74879 -0.0101519 -0.00211953 0.999946 0.0186707
0.998833 -0.0475775 0.00834238 44.8262 0.0475414 0.998859 0.00447278 1.7995 -0.00854567 -0.00407095 0.999955 0.0249248
0.998792 -0.0479488 0.010723 45.8037 0.047893 0.998838 0.00540018 1.84776 -0.0109695 -0.0048801 0.999928 0.0147669
0.99874 -0.0480446 0.014463 46.7746 0.0480116 0.998843 0.00262201 1.89223 -0.0145723 -0.00192431 0.999892 0.0225602
0.998716 -0.0482742 0.01534 47.7495 0.0482512 0.998833 0.00186804 1.94506 -0.0154123 -0.00112547 0.999881 0.01486
0.998711 -0.0485074 0.0149411 48.7138 0.048541 0.998819 -0.00189074 1.99288 -0.0148317 0.00261355 0.999887 0.015224
0.998709 -0.0488291 0.0139854 49.6844 0.0489024 0.998791 -0.00494501 2.02971 -0.0137271 0.00562255 0.99989 0.0183537
0.998646 -0.0498753 0.014751 50.6438 0.0499651 0.998734 -0.0057851 2.08441 -0.0144438 0.00651431 0.999874 0.0128712
0.998547 -0.0506541 0.0183931 51.5956 0.0508072 0.998677 -0.00795766 2.13412 -0.0179657 0.0088806 0.999799 0.00325559
0.998395 -0.051386 0.0238254 52.5584 0.0516531 0.998607 -0.0107304 2.1761 -0.0232409 0.0119438 0.999659 0.0061158
0.998289 -0.0521723 0.026418 53.518 0.0524557 0.998572 -0.0101493 2.23035 -0.0258508 0.0115177 0.999599 -0.00978842
0.998296 -0.0532835 0.02381 54.4609 0.0535609 0.998502 -0.0111715 2.28854 -0.0231791 0.0124277 0.999654 -0.019158
0.998354 -0.0547863 0.0169805 55.393 0.0549558 0.998442 -0.00968109 2.34683 -0.0164236 0.0105983 0.999809 -0.0195784
0.998386 -0.0555599 0.011752 56.3067 0.0556443 0.998426 -0.00698368 2.39738 -0.0113455 0.00762634 0.999907 -0.0178653
0.998333 -0.056599 0.0112824 57.2199 0.0566153 0.998395 -0.00112433 2.46914 -0.0112006 0.00176121 0.999936 -0.0316919
0.99826 -0.0574718 0.0131963 58.1207 0.0574404 0.998345 0.00274555 2.52545 -0.0133322 -0.00198277 0.999909 -0.03071
0.998165 -0.058731 0.0147274 59.0129 0.0586944 0.998272 0.00290025 2.58708 -0.0148723 -0.00203051 0.999887 -0.0310918
0.998105 -0.0597683 0.014629 59.8862 0.0597134 0.998207 0.00416246 2.6466 -0.0148515 -0.00328103 0.999884 -0.0304907
0.998001 -0.0613493 0.0151942 60.7456 0.0612813 0.998109 0.00490076 2.70711 -0.0154661 -0.00395985 0.999873 -0.0339458
0.997907 -0.0627038 0.0157827 61.5876 0.0626121 0.998018 0.00624133 2.76389 -0.0161428 -0.00524008 0.999856 -0.0311327
0.997808 -0.0641667 0.0161931 62.4156 0.0640818 0.997928 0.00570814 2.82169 -0.0165258 -0.00465794 0.999853 -0.0319778
0.997711 -0.0653889 0.017241 63.2239 0.0652814 0.997844 0.00672746 2.87738 -0.0176437 -0.00558654 0.999829 -0.032427
0.997574 -0.0668277 0.019498 64.0297 0.0666555 0.997732 0.00934905 2.94017 -0.0200786 -0.00802672 0.999766 -0.0349647
0.997409 -0.0681596 0.0229933 64.8273 0.0679044 0.997623 0.0117066 3.00222 -0.0237366 -0.010115 0.999667 -0.0453168
0.997253 -0.0697012 0.0250789 65.6055 0.0694088 0.997512 0.0123493 3.05884 -0.0258772 -0.0105747 0.999609 -0.052517
0.997203 -0.0712823 0.0224895 66.3627 0.0710078 0.997394 0.0127772 3.12761 -0.0233416 -0.0111446 0.999665 -0.0453982
0.997254 -0.0723761 0.0156798 67.0896 0.0721818 0.997312 0.0126252 3.18312 -0.0165514 -0.0114588 0.999797 -0.0495662
0.997242 -0.0735865 0.00965228 67.8018 0.0734627 0.997218 0.0126085 3.24075 -0.0105532 -0.0118646 0.999874 -0.0515071
0.997223 -0.074037 0.00798534 68.4921 0.0739065 0.997144 0.0155566 3.29784 -0.0091143 -0.0149232 0.999847 -0.0586994
0.997144 -0.0747896 0.0104698 69.1789 0.0745817 0.997034 0.0190103 3.3577 -0.0118605 -0.0181751 0.999764 -0.056246
0.997023 -0.0760285 0.0128145 69.8425 0.0758 0.99697 0.0174606 3.42202 -0.0141032 -0.0164373 0.999765 -0.0567335
0.99698 -0.0769069 0.0108182 70.4681 0.0767513 0.99695 0.014135 3.4658 -0.0118723 -0.013262 0.999842 -0.0499267
0.997033 -0.0766912 0.00658492 71.0893 0.0766436 0.997033 0.00719868 3.50092 -0.00711745 -0.00667263 0.999952 -0.0439459
0.997132 -0.075645 0.00233876 71.6902 0.0756382 0.997131 0.00283297 3.54297 -0.00254635 -0.00264794 0.999993 -0.0375896
0.997344 -0.0728227 0.00138985 72.2777 0.0728143 0.997331 0.00535237 3.59204 -0.00177591 -0.00523696 0.999985 -0.030055
0.997626 -0.0687725 0.00361678 72.8425 0.0687308 0.997579 0.0106009 3.64664 -0.00433707 -0.0103271 0.999937 -0.0359204
0.997916 -0.0641956 0.00656066 73.4004 0.0641324 0.997897 0.00943808 3.68224 -0.00715274 -0.00899766 0.999934 -0.0349803
0.99821 -0.0587649 0.0110833 73.9459 0.0587019 0.998258 0.00592718 3.70691 -0.0114123 -0.00526596 0.999921 -0.0309683
0.998594 -0.0508597 0.0149199 74.4718 0.0508437 0.998706 0.00145114 3.71922 -0.0149744 -0.000690516 0.999888 -0.0233652
0.99906 -0.0404388 0.0156433 74.9863 0.0403849 0.999177 0.00374916 3.7483 -0.0157821 -0.00311388 0.999871 -0.0080729
0.999542 -0.026081 0.0153363 75.48 0.0259523 0.999627 0.00853079 3.7579 -0.015553 -0.00812887 0.999846 -0.0116019
0.999838 -0.0083476 0.0159519 75.9626 0.00813399 0.999877 0.0134088 3.75906 -0.0160618 -0.0132769 0.999783 -0.0190463
0.999772 0.0130925 0.0168522 76.437 -0.0133054 0.999832 0.0125826 3.74006 -0.0166847 -0.012804 0.999779 -0.0293772
0.999084 0.0387725 0.0181107 76.8913 -0.0389511 0.999195 0.00961587 3.70735 -0.0177233 -0.0103125 0.99979 -0.0262639
0.997469 0.0681414 0.0203197 77.33 -0.0683179 0.997631 0.00812408 3.66285 -0.0197179 -0.00949171 0.999761 -0.0219024
0.994677 0.100551 0.0225213 77.7619 -0.100747 0.994882 0.00775019 3.60677 -0.0216268 -0.00997789 0.999716 -0.0212412
0.990222 0.13749 0.0235893 78.1855 -0.137703 0.990444 0.00766832 3.5384 -0.0223096 -0.0108417 0.999692 -0.0207219
0.983629 0.178511 0.0246723 78.5953 -0.178742 0.983867 0.00748934 3.45324 -0.0229374 -0.0117767 0.999668 -0.0257172
0.974468 0.223121 0.0250691 78.9988 -0.223362 0.974708 0.00725101 3.34886 -0.0228172 -0.0126654 0.999659 -0.0292882
0.962102 0.271594 0.0244317 79.3871 -0.271874 0.962292 0.00888906 3.23531 -0.0210962 -0.0151945 0.999662 -0.0356328
0.94595 0.32346 0.0234874 79.7563 -0.323752 0.946091 0.00980466 3.09124 -0.0190498 -0.0168788 0.999676 -0.0332347
0.925564 0.37792 0.0225447 80.1132 -0.378205 0.925669 0.00990633 2.92683 -0.0171252 -0.0176955 0.999697 -0.0357961
0.900725 0.433833 0.0219687 80.4513 -0.434119 0.900796 0.0103414 2.74063 -0.0153028 -0.0188518 0.999705 -0.0381614
0.871243 0.490408 0.0208599 80.7747 -0.490682 0.871272 0.0107591 2.54318 -0.0128984 -0.0196094 0.999725 -0.0545197
0.837556 0.546016 0.0191244 81.0874 -0.546243 0.837574 0.0093957 2.30732 -0.0108879 -0.018316 0.999773 -0.0506621
0.800461 0.59908 0.0191323 81.3792 -0.5993 0.800477 0.00873687 2.05377 -0.0100808 -0.0184595 0.999779 -0.0458728
0.760383 0.649158 0.0202798 81.6536 -0.649389 0.76042 0.00744184 1.78336 -0.0105902 -0.0188281 0.999767 -0.0346241
0.717419 0.69626 0.0230642 81.9092 -0.696537 0.717493 0.00640758 1.50827 -0.0120871 -0.020662 0.999713 -0.0375403
0.6722 0.740004 0.0232867 82.1571 -0.740277 0.672281 0.00532471 1.21024 -0.0117149 -0.0208179 0.999715 -0.045579
0.625558 0.779908 0.0205236 82.3756 -0.780115 0.625625 0.00375825 0.888614 -0.009909 -0.0183618 0.999782 -0.0541983
0.578566 0.815455 0.0171451 82.5806 -0.815585 0.578636 0.00108199 0.555976 -0.00903847 -0.0146093 0.999852 -0.0427425
0.531736 0.846713 0.0182557 82.7658 -0.846869 0.531799 0.00164467 0.227748 -0.00831579 -0.0163347 0.999832 -0.0258012
0.484255 0.874673 0.0210812 82.9443 -0.8749 0.484288 0.00389418 -0.1065 -0.00680321 -0.0203297 0.99977 -0.0237608
0.438385 0.898532 0.0214231 83.1081 -0.898777 0.438368 0.0057272 -0.457441 -0.00424512 -0.0217653 0.999754 -0.0297109
0.395338 0.918405 0.0155244 83.2484 -0.918534 0.395318 0.00444255 -0.812943 -0.00205701 -0.016016 0.99987 -0.0619208
0.354667 0.934982 0.00446413 83.3536 -0.934985 0.354679 -0.00239139 -1.17975 -0.00381924 -0.00332575 0.999987 -0.0586686
0.318499 0.947923 0.000173553 83.4626 -0.947897 0.318492 -0.00734462 -1.5539 -0.00701741 0.00217474 0.999973 -0.0331281
0.284811 0.958582 0.00207883 83.5722 -0.958566 0.284818 -0.0054999 -1.92056 -0.00586419 -0.00042626 0.999983 -9.80776e-05
0.253336 0.96732 0.0106173 83.6861 -0.967377 0.25334 0.00101281 -2.29759 -0.00171008 -0.0105275 0.999943 0.010443
0.224322 0.974391 0.0155234 83.7931 -0.974512 0.224252 0.00612559 -2.67795 0.00248756 -0.0165019 0.999861 -0.00162862
0.198091 0.980077 0.0144913 83.8682 -0.98017 0.19799 0.00813419 -3.06595 0.00510299 -0.0158153 0.999862 -0.00710448
0.174261 0.984669 0.00770205 83.9281 -0.984668 0.174187 0.00940169 -3.47844 0.00791596 -0.00922231 0.999926 -0.012054
0.153005 0.988225 -0.000521162 83.978 -0.988124 0.152997 0.0142136 -3.88634 0.014126 -0.00165978 0.999899 -0.00309337
0.133139 0.991093 -0.00287117 84.0233 -0.990872 0.13317 0.0209331 -4.30578 0.021129 5.79497e-05 0.999777 -0.0060725
0.115343 0.993325 0.00146169 84.0878 -0.993076 0.115281 0.0226077 -4.75798 0.0222883 -0.00405922 0.999743 0.00792699
0.0998338 0.994992 0.00496324 84.1303 -0.994842 0.0997262 0.0185587 -5.22078 0.0179708 -0.00679043 0.999815 0.0130858
0.0854474 0.996332 0.00471913 84.1703 -0.996233 0.0853667 0.0152469 -5.68862 0.0147881 -0.00600416 0.999873 0.0248018
0.072324 0.997377 0.002726 84.199 -0.997299 0.0722827 0.013032 -6.17648 0.0128008 -0.00366116 0.999911 0.0310826
0.0607816 0.998151 -0.000694424 84.2208 -0.998078 0.0607856 0.0120455 -6.67588 0.0120654 -3.90527e-05 0.999927 0.0402225
0.0507554 0.998701 -0.00441386 84.231 -0.998632 0.0508066 0.0123841 -7.19148 0.0125923 0.00377926 0.999914 0.0493615
0.0430779 0.999052 -0.00636842 84.2499 -0.998987 0.0431564 0.0127676 -7.72106 0.0130304 0.00581196 0.999898 0.0561671
0.037438 0.999262 -0.00857539 84.2669 -0.999209 0.0375485 0.0131145 -8.26515 0.0134268 0.00807763 0.999877 0.0643567
0.0318701 0.999451 -0.00903404 84.2857 -0.999388 0.0319957 0.0141047 -8.82288 0.014386 0.008579 0.99986 0.0738127
0.0258908 0.999616 -0.009836 84.2993 -0.999553 0.0260336 0.0146822 -9.40593 0.0149326 0.00945148 0.999844 0.0839666
0.0216398 0.999695 -0.011912 84.3088 -0.99965 0.0218169 0.0149411 -10.0202 0.0151964 0.0115845 0.999817 0.0917652
0.0187992 0.999742 -0.0127593 84.3221 -0.999711 0.0189872 0.0147762 -10.6358 0.0150146 0.0124779 0.999809 0.104549
0.0155922 0.999793 -0.0130783 84.3346 -0.999773 0.0157793 0.0143283 -11.2759 0.0145317 0.0128519 0.999812 0.11576
0.0131098 0.999816 -0.0139947 84.336 -0.999811 0.0133078 0.0141428 -11.9294 0.0143264 0.0138066 0.999802 0.122631
0.0124688 0.999763 -0.0178634 84.3371 -0.999826 0.0127129 0.0136188 -12.6121 0.0138426 0.0176905 0.999748 0.13316
0.0134447 0.999664 -0.0221669 84.341 -0.99982 0.0137376 0.0131123 -13.3091 0.0134125 0.0219866 0.999668 0.147734
0.0159668 0.999576 -0.0243613 84.3532 -0.999786 0.016282 0.0127928 -14.0241 0.013184 0.0241518 0.999621 0.161487
0.0198445 0.999472 -0.025715 84.3666 -0.999713 0.0201817 0.0129202 -14.7517 0.0134324 0.0254512 0.999586 0.167082
0.0239882 0.999384 -0.025626 84.3848 -0.999624 0.0243191 0.0126792 -15.4985 0.0132946 0.0253123 0.999591 0.181608
0.027895 0.999234 -0.0274405 84.4082 -0.999539 0.0282117 0.0112182 -16.2574 0.0119838 0.027115 0.99956 0.192134
0.0321023 0.999127 -0.0267376 84.4438 -0.999428 0.0323728 0.00974307 -17.042 0.0106001 0.0264095 0.999595 0.207138
0.0364408 0.999036 -0.0244608 84.4749 -0.999296 0.0366472 0.00804227 -17.8443 0.00893094 0.0241505 0.999668 0.214698
0.0405169 0.998944 -0.0216781 84.5047 -0.999148 0.0406758 0.0069435 -18.6386 0.00781794 0.0213783 0.999741 0.222905
0.0450345 0.99878 -0.0202767 84.5438 -0.998952 0.0451898 0.00726872 -19.4457 0.00817615 0.0199281 0.999768 0.240944
0.048133 0.998645 -0.0197581 84.5911 -0.998776 0.0483465 0.010475 -20.2449 0.011416 0.0192297 0.99975 0.260581
0.0498559 0.998638 -0.0153876 84.6416 -0.998618 0.0500997 0.0158849 -21.0584 0.0166342 0.0145743 0.999755 0.274474
0.0498703 0.998694 -0.0111422 84.6901 -0.99857 0.0500729 0.0187216 -21.8722 0.019255 0.0101926 0.999763 0.29119
0.0501673 0.998708 -0.00814438 84.7502 -0.998562 0.050311 0.0185131 -22.694 0.018899 0.00720391 0.999795 0.309062
0.0502235 0.998722 -0.00573272 84.7997 -0.998588 0.0503147 0.0170672 -23.5173 0.0173338 0.00486745 0.999838 0.332485
0.049957 0.998736 -0.00553747 84.8435 -0.998626 0.0500379 0.0155944 -24.343 0.0158518 0.00475081 0.999863 0.350816
0.0502945 0.998728 -0.00360792 84.8925 -0.998621 0.0503429 0.0148961 -25.1551 0.0150588 0.00285376 0.999883 0.373504
0.0506136 0.998716 -0.00230389 84.9393 -0.998603 0.0506427 0.0150685 -25.9774 0.0151658 0.001538 0.999884 0.396332
0.0507272 0.998712 -0.000586958 84.9904 -0.998593 0.0507302 0.0154284 -26.808 0.0154383 -0.000196507 0.999881 0.418059
0.0495414 0.998765 0.00365878 85.0463 -0.998641 0.0494752 0.0163952 -27.6288 0.0161939 -0.00446604 0.999859 0.442207
0.0469105 0.998879 0.00636147 85.0981 -0.998775 0.0468032 0.0160865 -28.4474 0.0157707 -0.0071083 0.99985 0.461938
0.04318 0.99902 0.00972408 85.1481 -0.998963 0.0430326 0.0148878 -29.267 0.0144548 -0.0103568 0.999842 0.481238
0.0385891 0.999199 0.010584 85.1923 -0.999185 0.0384583 0.012295 -30.07 0.0118781 -0.0110499 0.999868 0.501284
0.0326528 0.999379 0.0132521 85.2293 -0.999418 0.0325168 0.0103539 -30.8918 0.00991659 -0.0135825 0.999859 0.520093
0.0251616 0.999615 0.0117091 85.2581 -0.999635 0.0250432 0.0101404 -31.7178 0.00984321 -0.01196 0.99988 0.541221
0.0162674 0.999788 0.0126501 85.2735 -0.999812 0.0161314 0.010778 -32.5313 0.0105716 -0.0128231 0.999862 0.554537
0.00642955 0.999894 0.013089 85.2808 -0.999918 0.00628358 0.0111662 -33.3515 0.0110828 -0.0131597 0.999852 0.572065
-0.00407469 0.999938 0.0103113 85.2798 -0.99994 -0.00417924 0.0101414 -34.1492 0.0101839 -0.0102693 0.999895 0.592688
-0.0146621 0.999814 0.0125626 85.2711 -0.999851 -0.0147744 0.0088994 -34.9474 0.00908335 -0.0124302 0.999882 0.612343
-0.0259783 0.999608 0.0104563 85.2479 -0.999626 -0.0260651 0.00825186 -35.7369 0.00852117 -0.010238 0.999911 0.624196
-0.0369523 0.999267 0.0100343 85.2235 -0.999277 -0.0370392 0.00860973 -36.5397 0.00897507 -0.00970886 0.999913 0.649086
-0.0478579 0.998802 0.0102453 85.1958 -0.998811 -0.0479482 0.00876572 -37.3141 0.00924646 -0.00981359 0.999909 0.66398
-0.0588791 0.998209 0.0105892 85.1506 -0.998211 -0.058983 0.0097804 -38.0985 0.0103875 -0.00999435 0.999896 0.684104
-0.0690827 0.997554 0.0106221 85.0984 -0.997549 -0.0691934 0.0104351 -38.8773 0.0111446 -0.00987513 0.999889 0.697891
-0.0788203 0.996836 0.0102349 85.0396 -0.996822 -0.0789298 0.0107727 -39.6266 0.0115465 -0.00935324 0.99989 0.712819
-0.0882486 0.996043 0.0105474 84.9809 -0.99603 -0.0883621 0.0108226 -40.3741 0.0117118 -0.00955044 0.999886 0.734
-0.0975217 0.995177 0.0106246 84.9106 -0.995163 -0.097636 0.0108223 -41.1209 0.0118074 -0.0095178 0.999885 0.752473
-0.106161 0.994303 0.00953912 84.8318 -0.994283 -0.10626 0.0105418 -41.8652 0.0114954 -0.00836545 0.999899 0.774343
-0.113585 0.993492 0.00854433 84.7434 -0.993474 -0.113664 0.00946705 -42.6064 0.0103766 -0.00741326 0.999919 0.791209
-0.118716 0.992907 0.00655342 84.6627 -0.992892 -0.118766 0.00773649 -43.3326 0.00845993 -0.00558839 0.999949 0.81088
-0.122717 0.992435 0.00357656 84.5744 -0.99242 -0.122737 0.00612723 -44.0487 0.00651985 -0.00279753 0.999975 0.829442
-0.125531 0.992087 0.00215558 84.4859 -0.992076 -0.12554 0.00489157 -44.7551 0.00512347 -0.00152445 0.999986 0.842556
-0.127362 0.991856 0.000427324 84.4024 -0.991847 -0.127363 0.00430886 -45.4355 0.0043282 0.000124947 0.999991 0.860149
-0.12804 0.991769 0.000716184 84.3171 -0.991758 -0.128042 0.00459074 -46.1124 0.00464466 -0.000122481 0.999989 0.872665
-0.127484 0.99184 -0.000783915 84.2327 -0.991826 -0.127478 0.00550888 -46.7745 0.005364 0.0014798 0.999985 0.886138
-0.124617 0.992205 -0.000490899 84.1535 -0.992182 -0.12461 0.00682824 -47.4231 0.00671384 0.00133797 0.999977 0.905106
-0.11931 0.992856 -0.00167761 84.0783 -0.99283 -0.119295 0.00761169 -48.0522 0.00735718 0.00257373 0.99997 0.916117
-0.111219 0.993795 -0.00113075 84.0061 -0.993764 -0.111206 0.00818276 -48.668 0.00800625 0.00203378 0.999966 0.932464
-0.100338 0.994953 0.00115111 83.9568 -0.99492 -0.100344 0.00807539 -49.2558 0.00815014 -0.00033499 0.999967 0.94542
-0.086405 0.996259 0.00169781 83.9069 -0.996221 -0.0864166 0.00868652 -49.8306 0.00880074 -0.000940838 0.999961 0.964873
-0.0689605 0.997618 0.00164344 83.874 -0.997566 -0.0689738 0.0102332 -50.3827 0.0103221 -0.000933761 0.999946 0.974783
-0.0479589 0.998846 0.00267271 83.8574 -0.998767 -0.0479891 0.0127166 -50.927 0.0128302 -0.00205954 0.999916 0.991201
-0.0236452 0.999709 0.00468835 83.8646 -0.999596 -0.0237159 0.0156574 -51.4664 0.0157641 -0.00431623 0.999866 1.0079
0.00448996 0.999971 0.00613607 83.8854 -0.999835 0.0043813 0.0176013 -52.0005 0.0175739 -0.00621409 0.999826 1.0245
0.0373067 0.999278 0.00719232 83.9256 -0.99915 0.0371736 0.0178204 -52.5265 0.0175402 -0.00785102 0.999815 1.03701
0.0750305 0.997158 0.00685404 83.9893 -0.997055 0.0749099 0.016418 -53.0663 0.0158579 -0.00806571 0.999842 1.03813
0.11694 0.993112 0.00737599 84.0795 -0.993062 0.116835 0.013314 -53.596 0.0123605 -0.00888176 0.999884 1.05028
0.16175 0.986782 0.00988212 84.1949 -0.986799 0.161655 0.00974474 -54.1158 0.00801844 -0.0113279 0.999904 1.05951
0.210108 0.977585 0.0134949 84.3381 -0.977672 0.210036 0.00655044 -54.6255 0.0035692 -0.0145699 0.999887 1.07949
0.260997 0.965202 0.0162903 84.5158 -0.965339 0.260948 0.00506907 -55.1188 0.00064175 -0.0170487 0.999854 1.09137
0.315177 0.948886 0.0167111 84.7146 -0.949033 0.315139 0.00492705 -55.5875 -0.000591108 -0.0174122 0.999848 1.09217
0.373034 0.927715 0.0137978 84.9324 -0.927818 0.372995 0.00538076 -56.0449 -0.000154691 -0.014809 0.99989 1.10243
0.433031 0.90132 0.0103185 85.1805 -0.901374 0.432963 0.00823172 -56.4787 0.0029519 -0.0128654 0.999913 1.12157
0.492932 0.870051 0.00539619 85.4457 -0.870034 0.492849 0.0118538 -56.8811 0.00765391 -0.010538 0.999915 1.13431
0.551761 0.83399 0.00464648 85.7457 -0.833933 0.551634 0.0159909 -57.2656 0.0107731 -0.012698 0.999861 1.14404
0.608249 0.793736 0.00404917 86.0676 -0.793642 0.608079 0.0192722 -57.6211 0.0128348 -0.0149359 0.999806 1.14155
0.662092 0.749421 0.00140817 86.4033 -0.749275 0.661923 0.0210826 -57.9595 0.0148677 -0.0150138 0.999777 1.13984
0.71228 0.701895 -0.000249716 86.7593 -0.701749 0.71214 0.0201209 -58.2679 0.0143006 -0.0141565 0.999798 1.13768
0.758648 0.651495 0.00271282 87.1456 -0.651437 0.758511 0.0170522 -58.5613 0.0090517 -0.0147038 0.999851 1.15607
0.801257 0.598291 0.00598961 87.5406 -0.598314 0.80116 0.0127645 -58.8214 0.00283828 -0.0138113 0.999901 1.15347
0.838982 0.54404 0.0113744 87.9476 -0.544143 0.838933 0.00997792 -59.0533 -0.00411397 -0.0145606 0.999885 1.16735
0.87135 0.490399 0.0160474 88.36 -0.490552 0.871381 0.00737527 -59.261 -0.0103666 -0.0142985 0.999844 1.16411
0.898062 0.439314 0.0220834 88.7897 -0.439541 0.898199 0.00651916 -59.4377 -0.0169713 -0.0155612 0.999735 1.17692
0.919402 0.392472 0.0258072 89.2169 -0.392779 0.919598 0.00795101 -59.602 -0.0206117 -0.0174467 0.999635 1.18675
0.935484 0.352115 0.0297497 89.6512 -0.352589 0.935697 0.0123719 -59.7274 -0.0234804 -0.0220631 0.999481 1.1858
0.947989 0.316963 0.0291809 90.1026 -0.317512 0.94811 0.0165244 -59.8437 -0.0224291 -0.0249302 0.999438 1.1756
0.957805 0.286075 0.0277777 90.5594 -0.286644 0.957845 0.0192 -59.9582 -0.0211141 -0.0263521 0.99943 1.1407
0.964118 0.26419 0.0260675 91.0177 -0.264624 0.964237 0.0148804 -60.072 -0.021204 -0.0212446 0.999549 1.13412
0.96831 0.248447 0.0255082 91.4821 -0.248824 0.968464 0.0128407 -60.1872 -0.0215136 -0.0187808 0.999592 1.13069
0.97145 0.23576 0.026501 91.9776 -0.236217 0.971575 0.0156276 -60.2848 -0.0220633 -0.0214414 0.999527 1.13493
0.973734 0.225984 0.027804 92.4798 -0.226574 0.973784 0.020236 -60.3871 -0.0225021 -0.0260042 0.999409 1.12343
0.975152 0.219787 0.0277837 92.9919 -0.220515 0.975022 0.0265654 -60.479 -0.021251 -0.032032 0.999261 1.11697
0.975862 0.216908 0.0253712 93.5081 -0.217677 0.975464 0.0329742 -60.5766 -0.0175963 -0.037701 0.999134 1.10619
0.976015 0.216496 0.0228995 94.0411 -0.217205 0.975491 0.0352054 -60.6882 -0.0147164 -0.0393349 0.999118 1.09514
0.975528 0.219066 0.0188402 94.5833 -0.219587 0.97505 0.0325313 -60.8087 -0.0112437 -0.0358722 0.999293 1.08826
0.974655 0.223388 0.0120334 95.1372 -0.223657 0.974196 0.0303139 -60.9378 -0.00495116 -0.0322369 0.999468 1.09128
0.973667 0.227817 0.00850845 95.7149 -0.227975 0.973111 0.0328977 -61.0638 -0.000784995 -0.0339712 0.999422 1.09158
0.972597 0.232256 0.010557 96.2955 -0.232493 0.971824 0.0388076 -61.1836 -0.00124626 -0.0401986 0.999191 1.09191
0.971245 0.237608 0.0150175 96.8929 -0.23804 0.970324 0.0425165 -61.3211 -0.00446956 -0.0448687 0.998983 1.07928
0.970094 0.241995 0.0188485 97.4971 -0.24257 0.969338 0.0392957 -61.4751 -0.00876119 -0.0426926 0.99905 1.08029
0.96906 0.245645 0.0241131 98.1132 -0.246409 0.968471 0.0366981 -61.6397 -0.0143381 -0.0415044 0.999035 1.06991
0.968078 0.24909 0.0279043 98.7499 -0.249927 0.967731 0.032144 -61.8061 -0.0189972 -0.0380919 0.999094 1.06752
0.967307 0.252129 0.0273583 99.3871 -0.252865 0.967098 0.0279344 -61.9764 -0.0194151 -0.0339391 0.999235 1.05368
0.96729 0.252609 0.0232286 100.037 -0.253142 0.967134 0.0238848 -62.1575 -0.0164317 -0.0289836 0.999445 1.03807
0.967531 0.252248 0.0159833 100.691 -0.252555 0.967341 0.0215979 -62.3301 -0.0100133 -0.0249333 0.999639 1.04148
0.967793 0.251535 0.0103418 101.35 -0.251723 0.967455 0.0258161 -62.4997 -0.0035116 -0.0275879 0.999613 1.03715
0.968389 0.249322 0.00783965 102.039 -0.249445 0.967942 0.0294229 -62.6599 -0.000252545 -0.0304484 0.999536 1.04364
0.969063 0.246507 0.0123116 102.737 -0.246783 0.968531 0.0323442 -62.836 -0.00395111 -0.0343818 0.999401 1.03128
0.969329 0.245025 0.0190851 103.456 -0.245506 0.968955 0.029224 -63.0205 -0.011332 -0.0330132 0.999391 1.03057
0.969944 0.242079 0.0246306 104.177 -0.242721 0.969702 0.0276695 -63.1994 -0.0171862 -0.0328162 0.999314 1.02474
0.970355 0.240476 0.024149 104.906 -0.241123 0.970065 0.0288723 -63.3647 -0.016483 -0.0338393 0.999291 1.0249
0.970938 0.238401 0.0210977 105.637 -0.239008 0.970437 0.0335886 -63.5331 -0.0124665 -0.0376549 0.999213 1.01683
0.971905 0.23486 0.0155376 106.393 -0.235272 0.971304 0.0348685 -63.7085 -0.00690253 -0.0375444 0.999271 1.01288
0.972895 0.230909 0.012514 107.157 -0.23121 0.972292 0.0345027 -63.8887 -0.00420026 -0.0364609 0.999326 1.00545
0.973767 0.227172 0.0130685 107.94 -0.227487 0.973226 0.0328727 -64.07 -0.00525084 -0.0349832 0.999374 0.998054
0.97456 0.223667 0.0143588 108.741 -0.22401 0.974124 0.0300358 -64.2522 -0.00726921 -0.0324882 0.999446 0.999174
0.975019 0.221471 0.0169689 109.533 -0.221892 0.974633 0.0292263 -64.4398 -0.0100657 -0.0322614 0.999429 0.997732
0.975288 0.220161 0.0185136 110.332 -0.220592 0.975024 0.0258471 -64.6252 -0.0123607 -0.0292923 0.999494 0.985356
0.975374 0.219758 0.0187634 111.131 -0.220128 0.975252 0.0206528 -64.8101 -0.0137604 -0.0242746 0.999611 0.986931
0.97546 0.219212 0.0205702 111.944 -0.219637 0.975349 0.0213071 -64.9897 -0.0153923 -0.0253022 0.999561 0.981135
0.975407 0.219531 0.0196914 112.764 -0.21997 0.975215 0.0238734 -65.1607 -0.0139624 -0.0276178 0.999521 0.982961
0.975286 0.220227 0.0178404 113.583 -0.220672 0.974921 0.0288444 -65.3268 -0.0110407 -0.0320684 0.999425 0.975978
0.975099 0.220974 0.01877 114.419 -0.221554 0.974386 0.0385465 -65.4994 -0.00977149 -0.0417453 0.99908 0.973576
0.974504 0.223379 0.0210634 115.254 -0.224126 0.973518 0.0450542 -65.6806 -0.0104414 -0.0486264 0.998762 0.97165
0.973771 0.226348 0.0231584 116.094 -0.227228 0.972667 0.047811 -65.8576 -0.0117035 -0.0518192 0.998588 0.960747
0.973208 0.228817 0.0225653 116.94 -0.229665 0.972088 0.0479408 -66.0509 -0.0109658 -0.0518388 0.998595 0.956361
0.97279 0.230817 0.0200693 117.775 -0.231513 0.971766 0.0455344 -66.2415 -0.00899257 -0.0489417 0.998761 0.954073
0.972433 0.232434 0.0186643 118.619 -0.233016 0.971644 0.0401458 -66.4476 -0.00880387 -0.0433881 0.99902 0.949362
0.97236 0.232874 0.016894 119.458 -0.233333 0.971795 0.0342059 -66.655 -0.00845184 -0.0372024 0.999272 0.955366
0.972071 0.2341 0.0165656 120.293 -0.234532 0.971566 0.0324803 -66.8614 -0.00849095 -0.0354583 0.999335 0.971169
0.971682 0.235475 0.0196082 121.143 -0.23603 0.97116 0.0337499 -67.0597 -0.0110954 -0.0374223 0.999238 0.969162
0.971281 0.2365 0.0260949 121.988 -0.237338 0.970766 0.035841 -67.2563 -0.0168556 -0.041005 0.999017 0.958145
0.971 0.237113 0.0305949 122.826 -0.23819 0.97046 0.0383657 -67.4518 -0.0205941 -0.0445405 0.998795 0.946266
0.970823 0.238551 0.0244284 123.642 -0.239353 0.970185 0.0380868 -67.6449 -0.0146145 -0.0428226 0.998976 0.934248
0.97092 0.239261 0.00830407 124.446 -0.239404 0.970297 0.0347674 -67.8476 0.000261056 -0.0357444 0.999361 0.921857
0.97104 0.238917 0.000302022 125.26 -0.238802 0.970531 0.0322856 -68.0552 0.00742046 -0.0314228 0.999479 0.951759
0.971168 0.238218 0.00925988 126.093 -0.238392 0.97067 0.031135 -68.2562 -0.00157139 -0.0324448 0.999472 0.958908
0.971161 0.236765 0.0280898 126.947 -0.237485 0.971047 0.0258707 -68.46 -0.0211512 -0.0317955 0.999271 0.951522
0.971004 0.235374 0.0418385 127.771 -0.236317 0.971487 0.0191472 -68.6691 -0.0361388 -0.0284792 0.998941 0.944135
0.971513 0.23431 0.0355073 128.585 -0.235098 0.971769 0.0198664 -68.8568 -0.0298499 -0.0276482 0.999172 0.926683
0.972193 0.233088 0.0225845 129.396 -0.233663 0.971929 0.0274897 -69.0352 -0.015543 -0.0320024 0.999367 0.931026
0.972526 0.232329 0.0147416 130.19 -0.232691 0.972036 0.0316245 -69.222 -0.00698212 -0.0341858 0.999391 0.901371
0.972948 0.230622 0.0136558 131.004 -0.230932 0.972539 0.0289604 -69.4124 -0.00660185 -0.0313305 0.999487 0.909076
0.973596 0.227779 0.0150628 131.827 -0.228125 0.973236 0.0277749 -69.6069 -0.00833309 -0.0304777 0.999501 0.924133
0.974448 0.224184 0.0138669 132.628 -0.224489 0.974101 0.0270606 -69.7845 -0.00744125 -0.0294821 0.999538 0.929648
0.975478 0.219728 0.0127477 133.436 -0.220005 0.97511 0.0275226 -69.9603 -0.00638294 -0.0296522 0.99954 0.927961
0.976245 0.216259 0.0133315 134.243 -0.216587 0.975724 0.0324448 -70.1346 -0.00599139 -0.0345615 0.999385 0.935425
0.976707 0.214105 0.0142177 135.052 -0.214498 0.975994 0.0377638 -70.292 -0.005791 -0.0399338 0.999186 0.936988
0.977042 0.2124 0.0165642 135.856 -0.212905 0.97626 0.0398455 -70.4571 -0.00770774 -0.0424574 0.999069 0.936228
0.97727 0.211012 0.0204268 136.654 -0.21168 0.976538 0.0395518 -70.6318 -0.0116016 -0.0429768 0.999009 0.925747
0.977586 0.209519 0.0206801 137.454 -0.210179 0.97693 0.0378465 -70.8022 -0.0122735 -0.0413448 0.99907 0.929417
0.978172 0.207074 0.0173159 138.255 -0.207577 0.97757 0.0356143 -70.9715 -0.00955269 -0.0384313 0.999216 0.935777
0.979103 0.20293 0.0132631 139.06 -0.203266 0.978566 0.0330334 -71.1389 -0.00627532 -0.035039 0.999366 0.938221
0.980381 0.196768 0.0116004 139.857 -0.197037 0.979919 0.0305726 -71.2936 -0.00535178 -0.0322585 0.999465 0.938128
0.981644 0.190065 0.0158032 140.645 -0.19047 0.981232 0.0300977 -71.449 -0.00978607 -0.0325552 0.999422 0.93279
0.982621 0.184161 0.0232421 141.456 -0.184759 0.982416 0.0268835 -71.5956 -0.0178825 -0.0307105 0.999368 0.925427
0.98317 0.179845 0.0321385 142.25 -0.180702 0.983192 0.026071 -71.7446 -0.0269096 -0.0314397 0.999143 0.926296
0.983796 0.175605 0.0361833 143.042 -0.176651 0.983873 0.0280641 -71.8743 -0.0306715 -0.0340011 0.998951 0.923988
0.984718 0.171205 0.0319134 143.843 -0.172145 0.984632 0.0294448 -72.0016 -0.0263818 -0.0344886 0.999057 0.905961
0.986093 0.164704 0.0222129 144.646 -0.165317 0.985804 0.0293485 -72.1196 -0.0170637 -0.0326125 0.999322 0.906734
0.98728 0.15821 0.0157335 145.433 -0.158595 0.986965 0.0273383 -72.2578 -0.0112032 -0.0294858 0.999502 0.888659
0.988306 0.15161 0.0162664 146.251 -0.152025 0.98797 0.028357 -72.3782 -0.0117715 -0.0304983 0.999466 0.885061
0.989397 0.14387 0.0198574 147.071 -0.144492 0.988901 0.0345881 -72.4789 -0.0146609 -0.0370906 0.999204 0.880771
0.990545 0.135869 0.0190015 147.891 -0.136516 0.989895 0.0383637 -72.579 -0.013597 -0.040595 0.999083 0.877141
0.991872 0.126454 0.0140968 148.708 -0.126933 0.991066 0.0409407 -72.6653 -0.00879375 -0.0423973 0.999062 0.874291
0.992978 0.117778 0.0111251 149.522 -0.118135 0.99218 0.0402911 -72.7664 -0.00629269 -0.0413224 0.999126 0.866546
0.993894 0.109558 0.0131067 150.35 -0.110004 0.993111 0.0403576 -72.8502 -0.0085949 -0.0415529 0.999099 0.867238
0.994663 0.101378 0.0192083 151.176 -0.102122 0.993851 0.042794 -72.9199 -0.0147519 -0.0445271 0.998899 0.855815
0.995357 0.092913 0.0251265 152.015 -0.0939699 0.994567 0.0447891 -72.98 -0.0208285 -0.0469423 0.99868 0.850322
0.995977 0.0851116 0.0280395 152.843 -0.0863094 0.995265 0.0447083 -73.0546 -0.0241015 -0.0469485 0.998607 0.83967
0.996451 0.0787081 0.0298555 153.665 -0.0799957 0.995792 0.0447118 -73.114 -0.0262106 -0.0469414 0.998554 0.829127
0.996833 0.0742456 0.0284873 154.484 -0.07546 0.996167 0.0442306 -73.1747 -0.0250942 -0.0462401 0.998615 0.821574
0.997273 0.069788 0.0239853 155.313 -0.0708709 0.996343 0.0477305 -73.2184 -0.0205665 -0.0493002 0.998572 0.825218
0.99765 0.0661019 0.0180032 156.132 -0.0669699 0.996354 0.0528641 -73.2597 -0.0144432 -0.0539456 0.998439 0.814681
0.997899 0.0630138 0.015076 156.954 -0.0637557 0.996437 0.0552178 -73.3063 -0.0115428 -0.0560629 0.998361 0.800662
0.997999 0.0598839 0.0202732 157.789 -0.060962 0.996479 0.0575616 -73.3436 -0.0167548 -0.0586823 0.998136 0.791598
0.997939 0.0569843 0.0294988 158.629 -0.0586631 0.996498 0.0595799 -73.3859 -0.0260004 -0.0611876 0.997788 0.770414
0.997888 0.0532584 0.0371927 159.475 -0.0554719 0.996579 0.0612632 -73.4263 -0.0338026 -0.0631969 0.997428 0.761996
0.998243 0.0485989 0.033899 160.278 -0.0504397 0.99717 0.0557423 -73.4697 -0.031094 -0.0573542 0.99787 0.736961
0.998737 0.0439683 0.0243192 161.1 -0.0450073 0.998019 0.0439677 -73.5132 -0.0223379 -0.0450067 0.998737 0.733148
0.999116 0.0375453 0.0189304 161.92 -0.0383143 0.998381 0.0420431 -73.5477 -0.0173212 -0.0427313 0.998936 0.718781
0.999337 0.0304128 0.0200081 162.745 -0.0313742 0.998275 0.0496348 -73.5663 -0.0184641 -0.0502296 0.998567 0.710589
0.99944 0.0224157 0.0248586 163.583 -0.0235774 0.998594 0.0474679 -73.58 -0.0237597 -0.0480274 0.998563 0.68484
0.999476 0.0152981 0.028526 164.423 -0.0165076 0.998953 0.0426592 -73.5949 -0.0278435 -0.0431077 0.998682 0.68493
0.999458 0.009124 0.0316267 165.265 -0.010223 0.999343 0.0347637 -73.614 -0.0312887 -0.0350682 0.998895 0.650259
0.999481 0.00331397 0.0320568 166.105 -0.00423395 0.99958 0.0286733 -73.6258 -0.0319483 -0.0287941 0.999075 0.646577
0.999648 -0.00264403 0.0263994 166.945 0.00209224 0.999779 0.0209072 -73.627 -0.0264489 -0.0208446 0.999433 0.652642
0.999817 -0.00986461 0.0163742 167.764 0.00965295 0.999869 0.0129555 -73.6241 -0.0164999 -0.0127951 0.999782 0.634535
0.99979 -0.0162476 0.0125005 168.606 0.0161369 0.99983 0.008912 -73.6335 -0.0126432 -0.00870841 0.999882 0.623943
0.999563 -0.023005 0.0185431 169.459 0.0227155 0.999619 0.0156749 -73.6004 -0.0188966 -0.0152469 0.999705 0.612945
0.999142 -0.0281878 0.0303474 170.309 0.0274426 0.999318 0.0246992 -73.5606 -0.031023 -0.0238452 0.999234 0.589684
0.998721 -0.0329116 0.0383932 171.157 0.0318407 0.999096 0.0281777 -73.5232 -0.0392859 -0.0269192 0.998865 0.577417
0.998668 -0.0360471 0.036904 172.002 0.0351942 0.999104 0.0235041 -73.4902 -0.0377182 -0.022174 0.999042 0.557764
0.998878 -0.038536 0.0275152 172.849 0.0379212 0.999027 0.0225283 -73.4556 -0.0283565 -0.0214597 0.999367 0.564285
0.998987 -0.0414405 0.017522 173.688 0.0408509 0.998628 0.0327621 -73.3884 -0.0188556 -0.0320131 0.99931 0.545574
0.998973 -0.0432434 0.0135558 174.538 0.0427557 0.998493 0.0344061 -73.3465 -0.0150232 -0.0337912 0.999316 0.522934
0.998819 -0.0452862 0.0176289 175.393 0.044722 0.998513 0.0311799 -73.3113 -0.0190147 -0.0303546 0.999358 0.504396
0.99863 -0.0456337 0.0256138 176.251 0.0448653 0.998548 0.0298132 -73.2683 -0.0269371 -0.0286232 0.999227 0.489472
0.998454 -0.0460064 0.0312034 177.111 0.0450101 0.998477 0.0319152 -73.2237 -0.0326242 -0.0304614 0.999003 0.467653
0.998373 -0.0476048 0.0313742 177.969 0.0467066 0.998494 0.0287655 -73.1765 -0.0326963 -0.0272533 0.999094 0.455491
0.998506 -0.0491789 0.0238061 178.809 0.0486355 0.998554 0.0228882 -73.1318 -0.0248973 -0.0216962 0.999455 0.447167
0.998616 -0.0510389 0.0127282 179.648 0.0508572 0.998605 0.0142142 -73.1142 -0.0134359 -0.0135472 0.999818 0.435808
0.998566 -0.0527995 0.0088316 180.503 0.052726 0.998574 0.0083619 -73.0761 -0.00926051 -0.00788426 0.999926 0.431132
0.998467 -0.0538148 0.0129832 181.364 0.0536128 0.998442 0.0154366 -73.0164 -0.0137936 -0.0147168 0.999797 0.421841
0.998227 -0.0553843 0.0218267 182.229 0.0549261 0.998268 0.0210644 -72.9661 -0.0229555 -0.0198282 0.99954 0.401114
0.998043 -0.0568857 0.0259588 183.083 0.0563622 0.9982 0.0204734 -72.9139 -0.0270767 -0.0189703 0.999453 0.394306
0.998065 -0.0576495 0.0232917 183.925 0.0572732 0.998222 0.0165124 -72.8646 -0.0242023 -0.0151464 0.999592 0.397301
0.998203 -0.0572478 0.0177068 184.763 0.0569322 0.998219 0.0178389 -72.808 -0.0186965 -0.0167988 0.999684 0.393349
0.998195 -0.0577292 0.0165378 185.606 0.057291 0.998023 0.0258469 -72.7411 -0.0179972 -0.0248528 0.999529 0.381037
0.998126 -0.0581502 0.019052 186.447 0.0575668 0.997895 0.0298584 -72.6857 -0.0207482 -0.0287057 0.999373 0.370485
0.998014 -0.0591239 0.0217408 187.287 0.058354 0.9977 0.0344868 -72.6262 -0.0237298 -0.0331497 0.999169 0.357463
0.997945 -0.0593554 0.024137 188.124 0.0583925 0.997539 0.0388142 -72.5777 -0.0263814 -0.037325 0.998955 0.346334
0.997908 -0.0600432 0.0239821 188.951 0.0591049 0.997525 0.0380874 -72.515 -0.0262096 -0.0365903 0.998987 0.336895
0.997961 -0.0603364 0.0208204 189.772 0.0595528 0.997561 0.0363991 -72.4671 -0.0229658 -0.0350849 0.99912 0.335282
0.997991 -0.0613257 0.0159401 190.597 0.0606971 0.997459 0.037305 -72.4078 -0.0181874 -0.0362625 0.999177 0.332676
0.997902 -0.0626785 0.0162273 191.41 0.0619939 0.997286 0.0397203 -72.3484 -0.0186728 -0.038631 0.999079 0.328081
0.997604 -0.0647731 0.0243082 192.225 0.063697 0.997055 0.0426997 -72.292 -0.0270024 -0.041049 0.998792 0.300375
0.997223 -0.0665125 0.0335016 193.027 0.0652026 0.997118 0.0387849 -72.244 -0.0359847 -0.0364928 0.998686 0.292023
0.997105 -0.0672208 0.0355312 193.797 0.0661727 0.99736 0.0298942 -72.2041 -0.037447 -0.0274565 0.998921 0.275067
0.997258 -0.0676137 0.0300815 194.551 0.0668 0.997393 0.0272802 -72.1537 -0.0318476 -0.0251959 0.999175 0.278697
0.997457 -0.0667886 0.0248704 195.285 0.0660717 0.997405 0.0286103 -72.0991 -0.0267167 -0.0268944 0.999281 0.261722
0.997621 -0.0660846 0.0196003 195.999 0.0655168 0.997449 0.0283225 -72.0407 -0.021422 -0.026971 0.999407 0.261154
