0.999993 -0.00334066 -0.00149868 0.685348 0.0033368 0.999991 -0.002572 -0.00100686 0.00150726 0.00256699 0.999996 0.0109633
0.999969 -0.00728181 -0.00295825 1.38614 0.0072776 0.999972 -0.00143271 0.00984388 0.00296861 0.00141114 0.999995 0.0159886
0.999926 -0.0113588 -0.00436784 2.10687 0.0113541 0.999935 -0.00108613 0.0174937 0.00437989 0.00103646 0.99999 0.0194977
0.999859 -0.0160351 -0.0049939 2.84964 0.0160378 0.999871 0.000482567 0.0416891 0.00498552 -0.00056259 0.999987 0.0222389
0.999778 -0.0204702 -0.00507053 3.59358 0.0204679 0.99979 -0.0005081 0.0590001 0.00507987 0.000404204 0.999987 0.0298664
0.999666 -0.0251519 -0.00593324 4.34893 0.0251555 0.999683 0.000532649 0.0883978 0.00591797 -0.000681725 0.999982 0.0416298
0.999532 -0.0298766 -0.0065595 5.13002 0.0299016 0.999546 0.00373711 0.12128 0.00644487 -0.0039315 0.999972 0.05406
0.999393 -0.0343608 -0.00565982 5.92708 0.034394 0.999391 0.00587475 0.154092 0.00545452 -0.00606585 0.999967 0.0568966
0.999246 -0.0387075 -0.00306736 6.73192 0.038725 0.999233 0.00587123 0.192362 0.00283775 -0.00598559 0.999978 0.067351
0.999099 -0.0424425 -0.00079333 7.5444 0.0424455 0.999089 0.00437 0.225922 0.000607134 -0.00439974 0.99999 0.0762335
0.998986 -0.0450189 -0.00073549 8.35792 0.0450218 0.998975 0.00459622 0.271076 0.000527819 -0.00462468 0.999989 0.0842576
0.998887 -0.0471504 -0.00134718 9.18115 0.0471559 0.998878 0.0043954 0.314983 0.00113842 -0.00445403 0.999989 0.0840264
0.998798 -0.04899 -0.00146279 10.0112 0.0489934 0.998796 0.00242027 0.35254 0.00134246 -0.00248902 0.999996 0.0972171
0.998693 -0.051106 -0.000771667 10.8539 0.0511078 0.99869 0.00249588 0.400028 0.000643102 -0.00253205 0.999997 0.0995721
0.99863 -0.0523138 -0.000732471 11.7166 0.0523137 0.998631 -9.34504e-05 0.441811 0.000736357 5.50041e-05 1 0.107399
0.998534 -0.0540764 -0.0025615 12.5797 0.054078 0.998537 0.000584903 0.499073 0.00252612 -0.000722566 0.999997 0.113088
0.998447 -0.0554591 -0.00528852 13.4531 0.055469 0.998459 0.00174841 0.557224 0.0051834 -0.00203904 0.999985 0.122912
0.998338 -0.0572354 -0.00679125 14.3308 0.0572753 0.998341 0.00582176 0.617532 0.00644678 -0.00620106 0.99996 0.132555
0.998275 -0.0583067 -0.00682682 15.2106 0.0583587 0.998266 0.0076828 0.671709 0.00636703 -0.00806795 0.999947 0.137273
0.9982 -0.0597431 -0.0052971 16.1289 0.0597822 0.998183 0.00755677 0.72725 0.00483601 -0.00785983 0.999957 0.145043
0.998124 -0.0610912 -0.00406411 17.0235 0.0611212 0.998101 0.0077084 0.78715 0.00358548 -0.00794234 0.999962 0.157952
0.99806 -0.0621542 -0.00353107 17.9329 0.062179 0.998037 0.00742548 0.847297 0.00306261 -0.00763064 0.999966 0.172512
0.997961 -0.0636788 -0.00428781 18.8437 0.0637056 0.997948 0.00642186 0.916914 0.00387008 -0.00668192 0.99997 0.177442
0.997892 -0.0647347 -0.00468402 19.7591 0.0647616 0.997884 0.00584116 0.976508 0.00429598 -0.00613219 0.999972 0.187803
0.997849 -0.0654764 -0.00315389 20.6814 0.0654971 0.997828 0.00697984 1.03311 0.00269002 -0.0071714 0.999971 0.199004
0.997843 -0.0656513 9.99858e-05 21.6113 0.0656478 0.997804 0.00884309 1.10309 -0.000680326 -0.00881744 0.999961 0.206685
0.997883 -0.0649223 0.00372024 22.5491 0.0648855 0.997849 0.0092891 1.1677 -0.00431531 -0.00902805 0.99995 0.208199
0.997965 -0.0633972 0.00679426 23.4826 0.0633368 0.997954 0.00876477 1.23136 -0.00733602 -0.00831661 0.999938 0.208551
0.998056 -0.0618209 0.00784058 24.4338 0.0617792 0.998075 0.0054503 1.29471 -0.00816243 -0.00495532 0.999954 0.20712
0.998174 -0.0601426 0.00565456 25.3745 0.0601215 0.998184 0.00383641 1.35647 -0.00587502 -0.00348944 0.999977 0.205712
0.998251 -0.0590975 0.00148836 26.3375 0.059092 0.998246 0.00351 1.42576 -0.00169318 -0.00341592 0.999993 0.212061
0.998325 -0.0578235 -0.00164136 27.2887 0.0578309 0.998314 0.00495089 1.48381 0.00135232 -0.00503752 0.999986 0.21614
0.998371 -0.0570441 -0.00114883 28.2644 0.0570506 0.998348 0.0068754 1.54174 0.000754732 -0.00692974 0.999976 0.230889
0.998381 -0.0567943 0.00316062 29.2377 0.0567699 0.99836 0.00734849 1.60209 -0.00357279 -0.00715716 0.999968 0.234133
0.998309 -0.0576899 0.00711185 30.2226 0.0576759 0.998333 0.00216182 1.6565 -0.00722471 -0.00174798 0.999972 0.233325
0.998249 -0.0586613 0.00764315 31.1985 0.0587275 0.998236 -0.00874321 1.7022 -0.00711678 0.00917676 0.999933 0.233837
0.998178 -0.0601601 0.0046928 32.176 0.0602112 0.998118 -0.0116435 1.75873 -0.00398349 0.0119049 0.999921 0.239629
0.998089 -0.0617721 0.00127021 33.1581 0.0617823 0.99803 -0.0109457 1.82268 -0.000591573 0.0110032 0.999939 0.251487
0.997981 -0.0635102 -9.82808e-05 34.1462 0.0635077 0.997953 -0.00748731 1.89152 0.0005736 0.00746595 0.999972 0.249861
0.997928 -0.0643374 0.000812832 35.1495 0.0643412 0.997909 -0.00616066 1.95674 -0.000414771 0.00620019 0.999981 0.264682
0.997835 -0.0656828 0.00331309 36.1539 0.0656957 0.997832 -0.00395777 2.03125 -0.00304595 0.00416686 0.999987 0.268585
0.997759 -0.066733 0.00484293 37.146 0.0667405 0.997769 -0.00140572 2.10953 -0.00473832 0.00172579 0.999987 0.277652
0.997686 -0.0676159 0.00713069 38.1477 0.0676286 0.997709 -0.00155416 2.186 -0.00700927 0.00203281 0.999973 0.274146
0.997645 -0.06782 0.0102501 39.1556 0.0678309 0.997697 -0.000720455 2.248 -0.0101776 0.00141403 0.999947 0.285378
0.99757 -0.0685175 0.0126597 40.1609 0.0684955 0.997649 0.00216191 2.33391 -0.012778 -0.00128953 0.999918 0.27992
0.99758 -0.0684076 0.0124561 41.1537 0.0683787 0.997656 0.00273553 2.40323 -0.012614 -0.00187718 0.999919 0.274513
0.997588 -0.0684377 0.011566 42.1445 0.0684351 0.997655 0.000615177 2.47278 -0.011581 0.000177827 0.999933 0.27306
0.997624 -0.0682855 0.0091755 43.1383 0.0682544 0.997661 0.00366411 2.55104 -0.00940425 -0.00302914 0.999951 0.27721
0.997557 -0.0693153 0.00867014 44.1352 0.0692679 0.997582 0.0056598 2.62547 -0.00904148 -0.00504541 0.999946 0.278144
0.997455 -0.0705911 0.0100208 45.1317 0.0705718 0.997504 0.00226757 2.6937 -0.0101558 -0.00155461 0.999947 0.273231
0.99739 -0.0713829 0.0108672 46.1207 0.0713531 0.997446 0.00310399 2.76751 -0.0110611 -0.00232047 0.999936 0.27128
0.997393 -0.0715983 0.00902363 47.106 0.0715783 0.997432 0.00252296 2.84177 -0.00918109 -0.00187048 0.999956 0.284273
0.997372 -0.072329 0.00429726 48.0748 0.0723087 0.997371 0.004713 2.92209 -0.00462685 -0.00438988 0.99998 0.279669
0.997344 -0.0727883 0.00265873 49.0489 0.0727703 0.997329 0.00634396 3.00186 -0.00311339 -0.00613364 0.999976 0.289103
0.99731 -0.0731232 0.00507078 50.0265 0.0730885 0.997303 0.00671899 3.07197 -0.00554842 -0.0063303 0.999965 0.281669
0.997279 -0.0731761 0.00898095 51.0011 0.0731497 0.997316 0.00323599 3.14422 -0.00919364 -0.00257023 0.999954 0.294967
0.997253 -0.0734158 0.00982888 51.9613 0.0733905 0.997299 0.00291406 3.21653 -0.0100163 -0.00218471 0.999947 0.294547
0.997243 -0.0735945 0.00954014 52.9268 0.073605 0.997287 -0.000752353 3.2878 -0.00945889 0.00145248 0.999954 0.299591
0.997219 -0.0740411 0.00853354 53.8933 0.0740716 0.997247 -0.00331526 3.35565 -0.00826459 0.00393813 0.999958 0.311119
0.997145 -0.0749306 0.00935669 54.846 0.0749718 0.997177 -0.00413024 3.43089 -0.0090208 0.00481993 0.999948 0.309777
0.997043 -0.0757432 0.0129682 55.7961 0.0758231 0.997105 -0.00578183 3.50149 -0.0124927 0.00674803 0.999899 0.303391
0.996891 -0.0765929 0.0184789 56.7683 0.0767492 0.997019 -0.00790185 3.56531 -0.0178186 0.00929553 0.999798 0.311531
0.996786 -0.0772911 0.0210659 57.7172 0.077464 0.996967 -0.00751479 3.64857 -0.0204212 0.00912248 0.99975 0.300613
0.996744 -0.078455 0.0186006 58.6569 0.0786161 0.996872 -0.00809416 3.72894 -0.0179074 0.00953011 0.999794 0.299172
0.996725 -0.0799928 0.0118527 59.5915 0.0800789 0.996764 -0.00697059 3.8115 -0.0112567 0.00789691 0.999905 0.299456
0.996711 -0.080805 0.00620769 60.5097 0.080833 0.996718 -0.00438936 3.88769 -0.00583263 0.00487671 0.999971 0.306005
0.996638 -0.0817375 0.00556743 61.4243 0.0817312 0.996653 0.0013652 3.97781 -0.00566039 -0.000905576 0.999984 0.297162
0.996562 -0.0825028 0.00753675 62.3233 0.082467 0.996582 0.00493624 4.06021 -0.00791824 -0.00429774 0.999959 0.302539
0.996458 -0.0836065 0.00901995 63.2083 0.0835612 0.996489 0.00528922 4.14357 -0.00943049 -0.00451677 0.999945 0.308494
0.996361 -0.0847614 0.00900146 64.0857 0.0847106 0.996388 0.00588308 4.22318 -0.00946761 -0.00509915 0.999942 0.315162
0.996227 -0.0862631 0.00950461 64.9357 0.0861963 0.996252 0.00723516 4.30155 -0.0100931 -0.0063886 0.999929 0.314649
0.996108 -0.0875611 0.0100951 65.781 0.0874838 0.996135 0.00785643 4.38243 -0.010744 -0.00694269 0.999918 0.320592
0.995979 -0.0889676 0.0104826 66.6065 0.0888836 0.996008 0.00821983 4.46189 -0.0111721 -0.00725505 0.999911 0.324975
0.995852 -0.0902606 0.0114893 67.4209 0.0901604 0.995887 0.00896062 4.53792 -0.0122508 -0.00788757 0.999894 0.329652
0.995703 -0.0915845 0.0136888 68.2274 0.0914198 0.995738 0.0122131 4.61709 -0.014749 -0.0109092 0.999832 0.332973
0.995525 -0.0929207 0.0171855 69.0262 0.0926757 0.99559 0.0145401 4.69734 -0.0184607 -0.0128823 0.999747 0.324164
0.995331 -0.0945492 0.0194074 69.802 0.0942781 0.995441 0.01444 4.77895 -0.0206843 -0.0125429 0.999707 0.320277
0.995243 -0.0959656 0.0167832 70.5559 0.0957324 0.995306 0.0141886 4.85866 -0.0180661 -0.0125144 0.999758 0.333632
0.995222 -0.097154 0.0097192 71.2786 0.0970108 0.995181 0.0142573 4.93627 -0.0110575 -0.0132463 0.999851 0.331379
0.995138 -0.0984215 0.00381793 71.9907 0.0983598 0.995054 0.0139185 5.01137 -0.00516892 -0.0134753 0.999896 0.337071
0.995103 -0.0988322 0.00173946 72.6799 0.0987888 0.994964 0.0169381 5.08377 -0.00340473 -0.0166833 0.999855 0.334455
0.995022 -0.0995666 0.00418433 73.3671 0.0994576 0.994818 0.021085 5.16155 -0.00626201 -0.0205638 0.999769 0.337404
0.994877 -0.100876 0.00663709 74.0214 0.100735 0.994732 0.0189866 5.23708 -0.00851741 -0.0182207 0.999798 0.341667
0.994812 -0.101625 0.00460517 74.6575 0.101539 0.994701 0.0161404 5.29615 -0.00622103 -0.0155891 0.999859 0.351677
0.994831 -0.101542 0.000503707 75.2734 0.101534 0.994795 0.00854426 5.34918 -0.00136868 -0.00844895 0.999963 0.362889
0.994927 -0.100536 -0.00366665 75.8721 0.100551 0.994923 0.00417914 5.41124 0.00322788 -0.00452663 0.999985 0.373981
0.995208 -0.0976781 -0.00454228 76.4606 0.0977085 0.99519 0.00706024 5.47529 0.0038308 -0.00747023 0.999965 0.381844
0.995608 -0.0935874 -0.00246979 77.0267 0.0936103 0.995538 0.0118514 5.54306 0.00134962 -0.0120306 0.999927 0.380566
0.996032 -0.088991 0.000608848 77.5821 0.0889788 0.995972 0.0110784 5.59142 -0.00159227 -0.0109802 0.999938 0.384624
0.996503 -0.0834111 0.00502867 78.1258 0.0833675 0.996484 0.00833611 5.63306 -0.00570631 -0.00788772 0.999953 0.390743
0.997095 -0.0756227 0.00907905 78.6491 0.0755902 0.997131 0.00387199 5.66246 -0.00934582 -0.00317445 0.999951 0.402309
0.997818 -0.0653115 0.00962739 79.1663 0.0652542 0.99785 0.00614913 5.7003 -0.0100083 -0.00550749 0.999935 0.418734
0.998668 -0.0507452 0.00936538 79.6692 0.0506438 0.998659 0.0107581 5.72834 -0.00989875 -0.0102695 0.999898 0.423493
0.999409 -0.0329594 0.00978566 80.1496 0.0328043 0.99934 0.0156106 5.74714 -0.0102937 -0.0152804 0.99983 0.417484
0.999876 -0.0114471 0.0107945 80.6232 0.0112913 0.999833 0.0143838 5.73764 -0.0109574 -0.0142601 0.999838 0.411811
0.99982 0.0145183 0.012244 81.0763 -0.0146649 0.999821 0.0119689 5.71674 -0.012068 -0.0121463 0.999853 0.416712
0.998938 0.0438018 0.0143125 81.5211 -0.0439589 0.998974 0.0108537 5.68361 -0.0138224 -0.0114714 0.999839 0.42503
0.996936 0.0764411 0.0165664 81.9581 -0.0766224 0.997004 0.0105967 5.63846 -0.0157067 -0.0118336 0.999807 0.430191
0.993378 0.11353 0.0176244 82.3784 -0.113723 0.993458 0.0103672 5.58457 -0.0163322 -0.0123028 0.999791 0.430944
0.987773 0.154784 0.01862 82.7971 -0.154995 0.98786 0.0104394 5.5122 -0.0167781 -0.0131978 0.999772 0.429686
0.979672 0.199691 0.019129 83.1989 -0.199913 0.979758 0.0104698 5.42107 -0.016651 -0.0140811 0.999762 0.428688
0.968466 0.248464 0.0184438 83.5789 -0.248703 0.968505 0.0120226 5.3174 -0.0148758 -0.0162305 0.999758 0.427608
0.953566 0.300701 0.0170393 83.9582 -0.300926 0.953564 0.0126014 5.18873 -0.0124588 -0.0171438 0.999775 0.428359
0.934423 0.355798 0.0161442 84.3189 -0.356009 0.934395 0.0128009 5.03437 -0.0105306 -0.0177089 0.999788 0.428533
0.910948 0.412225 0.0156346 84.6597 -0.412427 0.910895 0.0132023 4.86 -0.00879912 -0.0184748 0.999791 0.430633
0.88288 0.469372 0.0145996 84.985 -0.469555 0.882797 0.0136814 4.66487 -0.00646682 -0.0189344 0.9998 0.416041
0.850507 0.525803 0.013001 85.2986 -0.525943 0.850432 0.0121747 4.43775 -0.00465498 -0.0171925 0.999841 0.423321
0.814689 0.579756 0.0128583 85.5958 -0.579886 0.814615 0.0115996 4.19115 -0.00374965 -0.0169064 0.99985 0.430933
0.775789 0.630833 0.0142081 85.8788 -0.630976 0.775735 0.0101998 3.93102 -0.00458736 -0.0168779 0.999847 0.445273
0.734059 0.678874 0.0169527 86.1459 -0.679057 0.734029 0.00908549 3.66077 -0.00627587 -0.0181811 0.999815 0.444545
0.68987 0.72373 0.0171697 86.398 -0.723908 0.68985 0.00799715 3.36712 -0.00605674 -0.0179463 0.999821 0.437288
0.644221 0.764701 0.0145748 86.6226 -0.764826 0.644205 0.00633902 3.05298 -0.00454171 -0.0152309 0.999874 0.432497
0.598101 0.801344 0.0111344 86.8331 -0.801411 0.598105 0.00330116 2.7231 -0.00401416 -0.0108976 0.999933 0.445213
0.552007 0.833748 0.0123555 87.0265 -0.833832 0.552004 0.00393737 2.39994 -0.00353749 -0.0124758 0.999916 0.465112
0.505423 0.862741 0.0150529 87.2065 -0.862869 0.505388 0.00627177 2.06626 -0.00219665 -0.0161586 0.999867 0.47092
0.460123 0.887723 0.0153477 87.3768 -0.887855 0.460054 0.00798066 1.72227 2.3853e-05 -0.0172986 0.99985 0.466723
0.417788 0.908496 0.00942886 87.5256 -0.908542 0.417739 0.00672914 1.36527 0.00217459 -0.0113779 0.999933 0.434787
0.377577 0.925977 -0.00137371 87.641 -0.925978 0.377577 -0.000243329 0.992597 0.000293364 0.0013639 0.999999 0.441415
0.341499 0.939867 -0.00537253 87.7595 -0.939876 0.34147 -0.005616 0.632594 -0.00344373 0.00696737 0.99997 0.46779
0.307948 0.951396 -0.00354716 87.8749 -0.9514 0.307937 -0.00347534 0.271723 -0.00221412 0.004445 0.999988 0.500804
0.276782 0.960921 0.00478131 87.9976 -0.960931 0.276768 0.00337091 -0.105567 0.00191587 -0.00552751 0.999983 0.512187
0.248036 0.968706 0.00934113 88.1061 -0.968732 0.24796 0.00857622 -0.484105 0.00599161 -0.0111763 0.99992 0.503055
0.222188 0.974969 0.00823353 88.1875 -0.974968 0.2221 0.0104166 -0.877045 0.00832718 -0.0103419 0.999912 0.498538
0.198337 0.980133 0.00128042 88.2589 -0.980074 0.19831 0.0113455 -1.28512 0.0108662 -0.00350514 0.999935 0.491363
0.177255 0.984139 -0.007168 88.3175 -0.984013 0.177351 0.0162529 -1.69068 0.0172664 0.00417249 0.999842 0.503932
0.157559 0.987465 -0.00939567 88.3837 -0.987219 0.157736 0.0227552 -2.11383 0.023952 0.0056903 0.999697 0.506039
0.139659 0.990185 -0.0053956 88.4474 -0.989886 0.13975 0.02441 -2.55359 0.0249244 0.00193195 0.999687 0.51841
0.124084 0.99227 -0.00184331 88.5092 -0.992059 0.124096 0.0204559 -3.01326 0.0205265 -0.000709579 0.999789 0.523699
0.109669 0.993967 -0.00168951 88.5557 -0.993817 0.109682 0.0172377 -3.47654 0.017319 -0.000211371 0.99985 0.537872
0.0966162 0.995318 -0.00277377 88.6028 -0.995206 0.096647 0.0149488 -3.9609 0.0151469 0.00131618 0.999884 0.546218
0.0850469 0.996352 -0.00702503 88.6324 -0.996273 0.0851378 0.0138501 -4.4556 0.0143977 0.00582094 0.999879 0.555972
0.0748215 0.997146 -0.0100487 88.6608 -0.997086 0.0749595 0.0141385 -4.97467 0.0148513 0.00896156 0.99985 0.568302
0.0668983 0.997684 -0.0122806 88.6938 -0.997643 0.0670742 0.0145103 -5.50411 0.0153004 0.0112809 0.999819 0.579223
0.0608742 0.998051 -0.0136975 88.731 -0.998023 0.0610759 0.0148242 -6.0501 0.0156319 0.012768 0.999796 0.588994
0.0554985 0.998358 -0.0141941 88.758 -0.998325 0.0557182 0.015577 -6.61287 0.0163423 0.0133058 0.999778 0.60081
0.0493282 0.998675 -0.0146614 88.7803 -0.998638 0.0495654 0.0162807 -7.1971 0.0169858 0.0138383 0.99976 0.608139
0.0451065 0.998841 -0.0167927 88.8051 -0.998834 0.0453824 0.0164328 -7.80291 0.0171758 0.0160319 0.999724 0.616602
0.0422386 0.99895 -0.0177454 88.8349 -0.998963 0.042528 0.0162578 -8.42552 0.0169954 0.0170403 0.99971 0.630422
0.0393146 0.999066 -0.0179542 88.8611 -0.999092 0.0395983 0.015733 -9.06349 0.0164292 0.0173193 0.999715 0.644751
0.036919 0.999131 -0.0193245 88.8748 -0.999187 0.0372208 0.0154995 -9.7211 0.0162053 0.0187365 0.999693 0.651029
0.0357291 0.999089 -0.0233436 88.899 -0.999236 0.0360847 0.0149937 -10.4028 0.0158224 0.0227901 0.999615 0.664739
0.0366633 0.998988 -0.026062 88.9166 -0.999209 0.0370484 0.0144509 -11.0984 0.0154019 0.0255115 0.999556 0.678935
0.0392672 0.998812 -0.0288398 88.9427 -0.999112 0.0396875 0.0141493 -11.8 0.015277 0.0282586 0.999484 0.694597
0.0429271 0.998632 -0.0298606 88.9695 -0.998958 0.0433665 0.0142233 -12.5283 0.0154988 0.0292189 0.999453 0.704503
0.0472325 0.998423 -0.0303574 89.0057 -0.998767 0.0476708 0.013878 -13.2728 0.0153032 0.0296644 0.999443 0.716721
0.0509908 0.998171 -0.0324888 89.0395 -0.9986 0.0514179 0.0124512 -14.037 0.0140989 0.0318084 0.999395 0.728699
0.0552629 0.997941 -0.0325539 89.0914 -0.998393 0.0556394 0.0107743 -14.8211 0.0125634 0.0319062 0.999412 0.743677
0.0595413 0.997782 -0.0297775 89.1501 -0.998167 0.0598363 0.00911669 -15.6174 0.0108782 0.0291801 0.999515 0.754104
0.0634001 0.997581 -0.0285039 89.1983 -0.99794 0.0636513 0.00799085 -16.4083 0.00978583 0.0279386 0.999562 0.767659
0.0675358 0.997364 -0.0265299 89.2559 -0.997665 0.067779 0.00837876 -17.2129 0.0101548 0.0259021 0.999613 0.786722
0.0707865 0.997187 -0.0246631 89.3206 -0.997397 0.0710981 0.0119939 -18.0212 0.0137136 0.0237499 0.999624 0.808454
0.0722527 0.997144 -0.021989 89.3919 -0.997209 0.0726378 0.0172484 -18.8336 0.0187963 0.0206814 0.999609 0.820918
0.0724056 0.997209 -0.018226 89.4643 -0.997145 0.0727696 0.0201679 -19.6476 0.0214379 0.0167137 0.99963 0.842629
0.0728716 0.997229 -0.0149354 89.537 -0.997117 0.0731644 0.0200946 -20.4725 0.0211317 0.013428 0.999687 0.860294
0.0732161 0.997236 -0.0126221 89.6035 -0.997127 0.073443 0.0185602 -21.2916 0.0194359 0.0112269 0.999748 0.888405
0.0728544 0.997251 -0.0135095 89.6671 -0.997182 0.0730794 0.0169843 -22.1118 0.0179249 0.012234 0.999765 0.90764
0.0731388 0.997259 -0.0112296 89.7364 -0.997173 0.073318 0.0164694 -22.9292 0.0172476 0.00999331 0.999801 0.931536
0.073465 0.997253 -0.0094456 89.8046 -0.99715 0.0736139 0.0165319 -23.7502 0.0171818 0.00820416 0.999819 0.957105
0.0733875 0.997274 -0.00763057 89.8702 -0.997152 0.0735077 0.0168862 -24.5771 0.0174011 0.0063696 0.999828 0.97987
0.0724096 0.99737 -0.00321825 89.944 -0.997206 0.0724563 0.018153 -25.3886 0.0183384 0.00189481 0.99983 1.00574
0.0696846 0.997568 -0.0013842 90.0106 -0.997409 0.0696982 0.0178209 -26.2079 0.0178741 0.000138771 0.99984 1.03257
0.066145 0.997806 0.00265346 90.0774 -0.997676 0.0660923 0.0165789 -27.0214 0.0163672 -0.00374391 0.999859 1.0478
0.0612999 0.998111 0.00411375 90.1389 -0.998024 0.0612366 0.0140738 -27.834 0.0137953 -0.00496834 0.999892 1.07397
0.055473 0.998439 0.0064547 90.1985 -0.998386 0.0553892 0.0125121 -28.6487 0.012135 -0.00713837 0.999901 1.09421
0.0476719 0.99885 0.00515417 90.2462 -0.998792 0.0476063 0.0121607 -29.4717 0.0119014 -0.00572767 0.999913 1.11617
0.0386121 0.999238 0.00571672 90.2846 -0.999173 0.0385356 0.0129421 -30.2893 0.0127119 -0.00621171 0.9999 1.13508
0.0288236 0.999567 0.0059394 90.3108 -0.999504 0.0287451 0.0128945 -31.0921 0.0127182 -0.00630812 0.999899 1.15462
0.0185385 0.999817 0.00471 90.3298 -0.999752 0.0184789 0.0123978 -31.8892 0.0123085 -0.00493868 0.999912 1.17446
0.00780219 0.999952 0.00594726 90.3402 -0.999908 0.00773573 0.0111177 -32.688 0.0110712 -0.00603346 0.99992 1.19738
-0.00351429 0.999979 0.00553284 90.3368 -0.999941 -0.00357068 0.0102159 -33.473 0.0102354 -0.00549662 0.999933 1.21065
-0.0145353 0.999881 0.00518023 90.3345 -0.999837 -0.0145899 0.0106531 -34.2757 0.0107275 -0.00502454 0.99993 1.2341
-0.0252962 0.99967 0.00439628 90.3181 -0.99962 -0.0253426 0.0108275 -35.0557 0.0109354 -0.00412071 0.999932 1.25521
-0.0361292 0.999336 0.00464287 90.2881 -0.999278 -0.0361811 0.011617 -35.832 0.0117773 -0.00421981 0.999922 1.27224
-0.0464561 0.998913 0.00376051 90.2567 -0.998842 -0.0464994 0.012374 -36.6107 0.0125354 -0.00318131 0.999916 1.29082
-0.0562549 0.998411 0.00335518 90.2227 -0.998331 -0.0562936 0.0128789 -37.3668 0.0130473 -0.00262507 0.999911 1.30788
-0.0654944 0.997847 0.00348071 90.1729 -0.997764 -0.0655348 0.0131249 -38.1216 0.0133248 -0.00261332 0.999908 1.32875
-0.0748242 0.997192 0.00290785 90.1243 -0.997105 -0.0748565 0.0133136 -38.8742 0.0134939 -0.00190326 0.999907 1.35066
-0.0834877 0.996507 0.00189304 90.0568 -0.996426 -0.083505 0.012732 -39.6179 0.0128456 -0.000823312 0.999917 1.36923
-0.090836 0.995864 0.00186714 89.9912 -0.995798 -0.0908517 0.0114943 -40.3572 0.0116164 -0.000815202 0.999932 1.38913
-0.0960095 0.99538 -0.000778466 89.9236 -0.995331 -0.0959967 0.0100861 -41.0782 0.00996482 0.0017432 0.999949 1.40796
-0.0998471 0.994999 -0.00261213 89.8475 -0.994971 -0.0998226 0.00823817 -41.8025 0.00793622 0.00342155 0.999963 1.42627
-0.102816 0.994691 -0.00421072 89.7762 -0.994679 -0.102785 0.00697538 -42.5104 0.00650556 0.0049055 0.999967 1.44075
-0.104741 0.994478 -0.00652548 89.7049 -0.994485 -0.104701 0.00618171 -43.1961 0.00546434 0.00713697 0.99996 1.45484
-0.105281 0.994422 -0.00632603 89.6372 -0.994425 -0.10524 0.00657766 -43.8794 0.00587522 0.00698327 0.999958 1.46821
-0.104249 0.994525 -0.00721028 89.5602 -0.994528 -0.104195 0.00752326 -44.5425 0.00673079 0.00795512 0.999946 1.48252
-0.101176 0.994836 -0.00803283 89.4971 -0.994836 -0.101104 0.00886511 -45.1866 0.00800718 0.00888829 0.999928 1.4965
-0.0959828 0.995346 -0.00862571 89.4374 -0.995345 -0.0958997 0.00958167 -45.8062 0.00870987 0.00950523 0.999917 1.50795
-0.0881907 0.996074 -0.00772847 89.3808 -0.996059 -0.0881106 0.010162 -46.4233 0.00944113 0.0085942 0.999919 1.52318
-0.0772104 0.996996 -0.00608955 89.3443 -0.996966 -0.0771449 0.0103426 -47.0159 0.00984175 0.00686963 0.999928 1.5366
-0.0635157 0.997967 -0.00530288 89.3142 -0.997928 -0.0634567 0.0106394 -47.5899 0.0102813 0.00596767 0.999929 1.55424
-0.0461507 0.998923 -0.00483226 89.2942 -0.998863 -0.0460889 0.0121803 -48.1461 0.0119445 0.00538889 0.999914 1.5674
-0.0252019 0.999674 -0.00410059 89.2965 -0.999572 -0.0251379 0.0149755 -48.6868 0.0148675 0.00447625 0.999879 1.58393
-0.000674725 0.999997 -0.00220063 89.3096 -0.99984 -0.000635386 0.0178598 -49.2297 0.0178584 0.00221233 0.999838 1.60292
0.0273419 0.999626 -0.00101715 89.3434 -0.99943 0.0273567 0.0197918 -49.7625 0.0198123 0.000475422 0.999804 1.61752
0.0601777 0.998188 2.06959e-05 89.3984 -0.99799 0.0601654 0.0199187 -50.2999 0.0198814 -0.00121932 0.999802 1.63005
0.0979612 0.99519 -8.10521e-05 89.4708 -0.99502 0.0979459 0.018502 -50.8382 0.018421 -0.00173183 0.999829 1.635
0.13954 0.990216 0.000580593 89.5774 -0.990102 0.139515 0.0152892 -51.3523 0.0150586 -0.0027083 0.999883 1.64833
0.184481 0.982832 0.00285878 89.708 -0.982774 0.184436 0.0117567 -51.8694 0.0110276 -0.00497842 0.999927 1.65824
0.232326 0.972612 0.00707768 89.8688 -0.972614 0.232262 0.00877969 -52.3667 0.00689536 -0.00892359 0.999936 1.67848
0.283232 0.958999 0.0100698 90.0537 -0.959042 0.283168 0.00730753 -52.8625 0.00415648 -0.011727 0.999923 1.69517
0.337099 0.94141 0.0105386 90.2617 -0.941464 0.337038 0.00719979 -53.3331 0.00322605 -0.0123488 0.999919 1.69477
0.394478 0.918875 0.00742263 90.494 -0.918896 0.394424 0.00773078 -53.785 0.00417595 -0.00987025 0.999943 1.713
0.453926 0.891031 0.00380991 90.7423 -0.891008 0.45387 0.0103439 -54.2164 0.00748754 -0.00809002 0.999939 1.72839
0.513033 0.858368 -0.00118369 91.0178 -0.858279 0.512999 0.0137426 -54.6137 0.0124034 -0.00603446 0.999905 1.74665
0.571116 0.820868 -0.00164341 91.3282 -0.820715 0.571046 0.0182596 -54.9943 0.0159271 -0.00907956 0.999832 1.7602
0.626676 0.779274 -0.00293904 91.6628 -0.779056 0.626582 0.0215932 -55.3413 0.0186685 -0.0112422 0.999763 1.76019
0.679472 0.733682 -0.00534638 92.0049 -0.733411 0.67939 0.0231827 -55.6687 0.020641 -0.0118309 0.999717 1.76125
0.728498 0.685011 -0.00704962 92.3654 -0.684748 0.728445 0.0220987 -55.9738 0.0202731 -0.0112716 0.999731 1.76423
0.773787 0.633434 -0.00383763 92.7451 -0.633264 0.773696 0.0192555 -56.2589 0.0151662 -0.0124694 0.999807 1.78244
0.815197 0.579184 -0.000524107 93.1461 -0.579113 0.81511 0.0149503 -56.5056 0.00908619 -0.0118839 0.999888 1.78047
0.851634 0.524114 0.0048639 93.5622 -0.524132 0.85155 0.0121523 -56.7224 0.00222732 -0.0128986 0.999914 1.79817
0.882696 0.469847 0.00955319 93.9784 -0.469929 0.882648 0.00993917 -56.9127 -0.00376221 -0.0132626 0.999905 1.79649
0.908191 0.418257 0.0158304 94.406 -0.418422 0.908208 0.00902175 -57.0779 -0.0106039 -0.0148173 0.999834 1.81483
0.92841 0.371055 0.0193109 94.8402 -0.371291 0.928457 0.0104736 -57.225 -0.0140431 -0.0168938 0.999759 1.82752
0.943699 0.329977 0.0233982 95.2758 -0.330364 0.943733 0.0151247 -57.3446 -0.0170908 -0.0220031 0.999612 1.82605
0.95544 0.294299 0.0228466 95.7258 -0.294743 0.955381 0.0193543 -57.4608 -0.0161313 -0.0252258 0.999552 1.8238
0.964526 0.263138 0.0211837 96.1827 -0.263585 0.964382 0.0221424 -57.5622 -0.0146027 -0.0269407 0.99953 1.79076
0.970274 0.241212 0.0196032 96.6428 -0.241556 0.970228 0.0175656 -57.6754 -0.0147826 -0.0217787 0.999654 1.78967
0.974031 0.225593 0.0192777 97.1155 -0.225892 0.974037 0.0150189 -57.7725 -0.015389 -0.0189835 0.999701 1.78915
0.976867 0.212911 0.0200062 97.6175 -0.213275 0.976822 0.0182472 -57.8596 -0.0156575 -0.0220919 0.999633 1.79544
0.97887 0.203401 0.0210279 98.1278 -0.203867 0.978726 0.0230872 -57.9402 -0.0158846 -0.0268862 0.999512 1.78466
0.980105 0.197369 0.0209599 98.6475 -0.197942 0.97975 0.0301607 -58.023 -0.0145827 -0.0337095 0.999325 1.78133
0.980715 0.1946 0.0181389 99.1628 -0.195142 0.98013 0.03556 -58.1021 -0.0108586 -0.0384138 0.999203 1.77331
0.980846 0.194146 0.0157413 99.7068 -0.194616 0.980142 0.03802 -58.1988 -0.0080473 -0.0403553 0.999153 1.76295
0.980371 0.196808 0.0117731 100.251 -0.197106 0.979755 0.0350728 -58.3063 -0.00463211 -0.0367049 0.999315 1.75844
0.979571 0.201038 0.00497874 100.807 -0.201092 0.979033 0.0324959 -58.4255 0.00165854 -0.0328332 0.999459 1.76559
0.978694 0.20532 0.00126502 101.384 -0.205236 0.978078 0.0352358 -58.5479 0.00599732 -0.0347447 0.999378 1.76916
0.977751 0.209739 0.0034349 101.961 -0.209699 0.976887 0.0414441 -58.6537 0.00533692 -0.0412423 0.999135 1.77194
0.976493 0.215405 0.00793211 102.569 -0.215542 0.975457 0.0450094 -58.771 0.00195779 -0.045661 0.998955 1.76638
0.975457 0.219869 0.0118382 103.181 -0.220177 0.974533 0.042508 -58.9085 -0.00219052 -0.0440712 0.999026 1.76448
0.97452 0.22368 0.0166785 103.807 -0.224179 0.973746 0.0395278 -59.0581 -0.00739908 -0.0422596 0.999079 1.76001
0.973646 0.22707 0.0213002 104.446 -0.227738 0.973003 0.0374172 -59.209 -0.0122288 -0.0412819 0.999073 1.75817
0.972992 0.22992 0.0205581 105.08 -0.230486 0.972561 0.0316515 -59.3643 -0.0127167 -0.0355351 0.999288 1.75528
0.972901 0.230628 0.0165721 105.727 -0.231014 0.97257 0.0272233 -59.5254 -0.00983907 -0.0303139 0.999492 1.74676
0.973081 0.230263 0.00960202 106.386 -0.230439 0.97274 0.0259699 -59.6797 -0.00336035 -0.0274835 0.999617 1.75324
0.973295 0.229529 0.0036866 107.053 -0.229537 0.972857 0.0293456 -59.8333 0.00314913 -0.0294081 0.999563 1.75234
0.973862 0.227139 0.000760936 107.741 -0.227038 0.973319 0.0332291 -59.9872 0.00680699 -0.0325333 0.999447 1.76438
0.974457 0.224515 0.00518498 108.439 -0.224557 0.973827 0.0351498 -60.1433 0.00284238 -0.0354163 0.999369 1.75035
0.974755 0.222955 0.0119911 109.16 -0.223235 0.974207 0.0329558 -60.3061 -0.00433414 -0.0348007 0.999385 1.75466
0.975276 0.220297 0.0174944 109.888 -0.22076 0.974815 0.0316188 -60.464 -0.0100883 -0.0346992 0.999347 1.75761
0.975672 0.218558 0.017191 110.616 -0.219026 0.975158 0.0330765 -60.6167 -0.00953483 -0.0360371 0.999305 1.75918
0.976185 0.216466 0.0143226 111.363 -0.216866 0.975441 0.0385148 -60.7673 -0.00563367 -0.0407037 0.999155 1.75845
0.977028 0.212929 0.0087819 112.108 -0.21311 0.976215 0.0398521 -60.9264 -8.73688e-05 -0.0408082 0.999167 1.75603
0.977913 0.208926 0.00596392 112.874 -0.208996 0.97711 0.0396969 -61.091 0.00246629 -0.0400666 0.999194 1.75514
0.978731 0.205045 0.00646136 113.654 -0.205142 0.978011 0.0375562 -61.2556 0.00138143 -0.0380829 0.999274 1.75426
0.97943 0.201636 0.00771687 114.455 -0.201782 0.978828 0.0343522 -61.421 -0.00062686 -0.0352027 0.99938 1.76118
0.979846 0.1995 0.0100592 115.257 -0.199728 0.979287 0.0332648 -61.5884 -0.00321448 -0.0346034 0.999396 1.76434
0.980123 0.198043 0.0117765 116.055 -0.198313 0.979684 0.0298436 -61.7591 -0.0056269 -0.0315858 0.999485 1.76064
0.980191 0.197668 0.0123525 116.863 -0.197925 0.979895 0.0251336 -61.9221 -0.007136 -0.0270806 0.999608 1.76559
0.980242 0.197295 0.0141702 117.684 -0.197609 0.979937 0.0259684 -62.0809 -0.00876248 -0.0282555 0.999562 1.76638
0.98019 0.1976 0.0135073 118.507 -0.197922 0.979778 0.0293509 -62.2399 -0.00743438 -0.0314428 0.999478 1.77045
0.980094 0.198205 0.011453 119.331 -0.198488 0.979491 0.0346266 -62.3884 -0.00435491 -0.0362106 0.999335 1.76648
0.979912 0.199075 0.0119413 120.175 -0.199412 0.97892 0.044172 -62.5426 -0.00289601 -0.0456659 0.998953 1.7686
0.979353 0.201653 0.0142835 121.007 -0.202125 0.978028 0.0510613 -62.6995 -0.00367302 -0.052894 0.998593 1.77153
0.978708 0.204618 0.016219 121.853 -0.205204 0.977224 0.0540861 -62.8568 -0.00478259 -0.0562627 0.998405 1.76718
0.978154 0.207298 0.0155331 122.699 -0.207843 0.976654 0.0543049 -63.0332 -0.00391317 -0.056347 0.998404 1.77194
0.977755 0.209324 0.0133459 123.54 -0.209737 0.976407 0.051374 -63.1989 -0.0022772 -0.0530304 0.99859 1.77471
0.977464 0.210757 0.0120898 124.386 -0.211091 0.976413 0.045368 -63.3885 -0.00224299 -0.0468976 0.998897 1.77269
0.977427 0.211013 0.0105259 125.228 -0.211266 0.976637 0.039321 -63.584 -0.00198278 -0.0406571 0.999171 1.78584
0.977259 0.211805 0.010174 126.074 -0.21204 0.97654 0.0375435 -63.7705 -0.00198341 -0.038847 0.999243 1.80797
0.976907 0.213244 0.0133927 126.917 -0.213615 0.976102 0.0399071 -63.9517 -0.00456273 -0.0418464 0.999114 1.81359
0.976575 0.214256 0.0198748 127.763 -0.214927 0.975718 0.042204 -64.1274 -0.0103497 -0.045487 0.998911 1.811
0.976294 0.215097 0.02415 128.617 -0.215994 0.975386 0.0443783 -64.2979 -0.0140099 -0.0485425 0.998723 1.80203
0.976131 0.216473 0.0175586 129.438 -0.217052 0.97516 0.0441849 -64.4779 -0.00755765 -0.0469414 0.998869 1.79133
0.976136 0.217151 0.00200441 130.25 -0.217052 0.975315 0.0406103 -64.6605 0.00686365 -0.0400762 0.999173 1.78269
0.976202 0.216784 -0.00577062 131.071 -0.216415 0.975555 0.0381639 -64.8471 0.0139029 -0.0360068 0.999255 1.82723
0.976415 0.21588 0.00310437 131.907 -0.215844 0.975713 0.0373496 -65.0305 0.00503406 -0.0371388 0.999297 1.83974
0.976485 0.214416 0.02243 132.763 -0.215054 0.976093 0.0315451 -65.2131 -0.01513 -0.035627 0.999251 1.83911
0.976394 0.213032 0.0356553 133.595 -0.21397 0.976522 0.0249224 -65.4041 -0.0295089 -0.0319632 0.999053 1.82731
0.976774 0.212122 0.0302818 134.407 -0.212918 0.976723 0.0260459 -65.574 -0.024052 -0.0318884 0.999202 1.81918
0.977359 0.210944 0.0164719 135.217 -0.211394 0.976823 0.0336057 -65.7322 -0.0090012 -0.0363269 0.999299 1.82765
0.977657 0.210036 0.00850975 136.021 -0.210208 0.976955 0.0370336 -65.9016 -0.000535259 -0.0379949 0.999278 1.80643
0.978033 0.208303 0.00778985 136.836 -0.208449 0.977388 0.0355259 -66.0704 -0.000213542 -0.0363693 0.999338 1.82318
0.978588 0.205617 0.00935729 137.663 -0.205819 0.977999 0.0340022 -66.243 -0.00215997 -0.0352001 0.999378 1.84114
0.979387 0.201821 0.0082816 138.471 -0.201986 0.978823 0.0332612 -66.4069 -0.0013934 -0.0342484 0.999412 1.85346
0.980286 0.197459 0.00701588 139.288 -0.197583 0.979681 0.0344448 -66.5614 -7.18953e-05 -0.035152 0.999382 1.85817
0.980943 0.19415 0.0075173 140.099 -0.194296 0.980178 0.0387304 -66.72 0.000151221 -0.0394529 0.999221 1.8695
0.981414 0.191722 0.00826001 140.899 -0.1919 0.980441 0.0436986 -66.8609 0.000279529 -0.0444715 0.999011 1.87202
0.981679 0.190246 0.0105783 141.712 -0.190534 0.980592 0.0462232 -67.0047 -0.00157917 -0.0473919 0.998875 1.87563
0.981921 0.188759 0.0141705 142.518 -0.189214 0.980903 0.0450319 -67.1636 -0.00539972 -0.046899 0.998885 1.87611
0.982217 0.187173 0.0146756 143.313 -0.187646 0.981254 0.0439362 -67.3133 -0.00617684 -0.0459087 0.998927 1.88506
0.982725 0.184734 0.0111743 144.122 -0.185041 0.981863 0.0412851 -67.4604 -0.0033449 -0.0426396 0.999085 1.89162
0.983546 0.180526 0.00692077 144.926 -0.180659 0.982818 0.0378268 -67.6111 2.68728e-05 -0.0384546 0.99926 1.90064
0.9847 0.174171 0.00548405 145.726 -0.174256 0.984068 0.0352749 -67.7454 0.000747192 -0.0356909 0.999363 1.91088
0.985823 0.167513 0.00963035 146.517 -0.167752 0.985188 0.0355643 -67.8826 -0.00353023 -0.0366757 0.999321 1.9039
0.986715 0.161546 0.0172021 147.319 -0.16204 0.986238 0.0328173 -68.0113 -0.0116638 -0.0351688 0.999313 1.90433
0.987215 0.157203 0.0263272 148.133 -0.158014 0.986911 0.0322124 -68.1425 -0.0209187 -0.0359606 0.999134 1.90864
0.987761 0.153089 0.0298527 148.932 -0.154092 0.987444 0.0348009 -68.2558 -0.0241503 -0.038975 0.998948 1.90872
0.988563 0.148622 0.0255813 149.732 -0.149484 0.988112 0.0358988 -68.3686 -0.0199418 -0.0393122 0.999028 1.89758
0.989738 0.142013 0.0158468 150.538 -0.142493 0.989179 0.0349531 -68.4653 -0.0107115 -0.0368524 0.999263 1.89889
0.99073 0.135495 0.00973149 151.321 -0.135747 0.990188 0.033187 -68.5797 -0.00513933 -0.0342004 0.999402 1.89492
0.991596 0.128967 0.010235 152.139 -0.129253 0.99098 0.0353854 -68.6837 -0.00557912 -0.0364109 0.999321 1.89183
0.992549 0.121063 0.0137607 152.959 -0.121541 0.991702 0.0418882 -68.7684 -0.0085754 -0.0432486 0.999028 1.89013
0.993507 0.1131 0.0123511 153.784 -0.113554 0.992462 0.0460875 -68.8442 -0.00704552 -0.0471907 0.998861 1.88947
0.994605 0.103455 0.00764877 154.601 -0.103704 0.993446 0.0480658 -68.9179 -0.002626 -0.0485996 0.998815 1.89119
0.995474 0.0949162 0.00478409 155.421 -0.0950364 0.994333 0.0476396 -68.9986 -0.000235211 -0.0478786 0.998853 1.89242
0.996204 0.0868 0.0066427 156.246 -0.0870193 0.995053 0.0479221 -69.063 -0.00245021 -0.0483182 0.998829 1.89358
0.996819 0.0786553 0.0128308 157.081 -0.0792046 0.995594 0.0501852 -69.1157 -0.00882694 -0.0510419 0.998658 1.89068
0.997364 0.0701601 0.0185029 157.924 -0.0710458 0.996086 0.0525907 -69.1619 -0.0147407 -0.0537667 0.998445 1.88709
0.997829 0.0622178 0.0215942 158.753 -0.0632815 0.996604 0.0526822 -69.2072 -0.0182431 -0.0539343 0.998378 1.88203
0.998163 0.0558655 0.0234642 159.58 -0.0570346 0.996989 0.0525281 -69.2487 -0.0204591 -0.0537698 0.998344 1.87888
0.998432 0.0513744 0.0222282 160.396 -0.052464 0.99729 0.0515809 -69.2888 -0.019518 -0.0526662 0.998421 1.87763
0.998744 0.0470224 0.0173281 161.231 -0.047919 0.997303 0.0555898 -69.3147 -0.0146674 -0.0563503 0.998303 1.88288
0.999002 0.0432331 0.0112129 162.043 -0.0438383 0.997177 0.0609543 -69.3347 -0.00854605 -0.061385 0.998078 1.87745
0.999155 0.0402156 0.00846418 162.863 -0.0406725 0.997158 0.0634221 -69.3596 -0.00588956 -0.0637127 0.997951 1.86916
0.999218 0.0370888 0.0136928 163.701 -0.0379067 0.997145 0.0653071 -69.3825 -0.0112316 -0.0657751 0.997771 1.8656
0.999168 0.0342625 0.0221037 164.537 -0.0356934 0.997049 0.0679675 -69.4045 -0.0197097 -0.0686999 0.997443 1.84742
0.999069 0.0306579 0.030345 165.386 -0.0326964 0.997071 0.0691353 -69.4224 -0.0281366 -0.0700632 0.997146 1.8421
0.999288 0.0261887 0.0271766 166.185 -0.0278407 0.997669 0.062307 -69.4555 -0.0254815 -0.0630193 0.997687 1.82239
0.999613 0.0213248 0.0178473 167.01 -0.0222248 0.998408 0.0518467 -69.479 -0.0167132 -0.0522233 0.998496 1.82558
0.999811 0.0148022 0.0126204 167.826 -0.0154055 0.998674 0.0491286 -69.4932 -0.0118765 -0.0493137 0.998713 1.82195
0.999878 0.00763507 0.0135961 168.653 -0.0083969 0.998345 0.0568866 -69.4888 -0.0131393 -0.0569939 0.998288 1.81702
0.999834 -0.000353806 0.0182054 169.491 -0.000661549 0.998445 0.0557358 -69.4821 -0.0181969 -0.0557386 0.99828 1.79477
0.999732 -0.00747832 0.0219216 170.329 0.00638434 0.998751 0.0495562 -69.4798 -0.0222649 -0.0494029 0.998531 1.79485
0.999581 -0.0137269 0.0254791 171.166 0.0126508 0.999041 0.0419256 -69.4787 -0.0260302 -0.0415857 0.998796 1.77034
0.999475 -0.0194651 0.0258878 171.998 0.0185378 0.999194 0.0355917 -69.4694 -0.0265598 -0.0350931 0.999031 1.77072
0.999465 -0.0257438 0.0201873 172.838 0.0251628 0.999276 0.0285244 -69.4533 -0.020907 -0.0280012 0.999389 1.77807
0.999404 -0.0328381 0.010613 173.654 0.0326223 0.99927 0.0199004 -69.4304 -0.0112587 -0.0195423 0.999746 1.76612
0.999205 -0.039284 0.00680891 174.501 0.0391666 0.999095 0.0165957 -69.4224 -0.00745469 -0.0163159 0.999839 1.75474
0.998855 -0.046095 0.0128071 175.349 0.0457822 0.99867 0.0237284 -69.3737 -0.0138838 -0.0231149 0.999636 1.75059
0.998392 -0.0511874 0.0243616 176.201 0.050371 0.998185 0.0330223 -69.308 -0.0260077 -0.0317421 0.999158 1.73024
0.997916 -0.0560065 0.0320439 177.052 0.0548047 0.997803 0.0372283 -69.2504 -0.0340586 -0.0353946 0.998793 1.72215
0.997773 -0.0594091 0.0303107 177.896 0.0584108 0.997753 0.03282 -69.1946 -0.0321924 -0.0309764 0.999002 1.70578
0.997875 -0.0615978 0.0212527 178.744 0.0608746 0.997595 0.033143 -69.1432 -0.0232432 -0.0317789 0.999225 1.71854
0.99787 -0.0642447 0.0113417 179.575 0.0637291 0.99712 0.0411204 -69.0607 -0.0139508 -0.04031 0.99909 1.7079
0.997776 -0.0662849 0.00708345 180.417 0.0659266 0.99692 0.0424655 -68.9969 -0.00987646 -0.041904 0.999073 1.68596
0.997602 -0.0682613 0.0113975 181.273 0.0677638 0.996921 0.0394625 -68.9454 -0.0140561 -0.0385955 0.999156 1.67165
0.997471 -0.0684927 0.0190035 182.128 0.067714 0.996943 0.0389695 -68.8914 -0.0216146 -0.0375841 0.99906 1.65342
0.99732 -0.0688423 0.0247831 182.987 0.067819 0.996895 0.0400005 -68.8269 -0.0274599 -0.0382126 0.998892 1.63929
0.997209 -0.0703956 0.0248554 183.839 0.0694433 0.996888 0.0372979 -68.7606 -0.0274037 -0.0354678 0.998995 1.63522
0.997253 -0.0720509 0.0171919 184.68 0.0715086 0.996979 0.0303094 -68.7008 -0.0193237 -0.0289968 0.999393 1.62696
0.997226 -0.0741069 0.0069423 185.522 0.0739406 0.997026 0.0217459 -68.6551 -0.00853318 -0.0211723 0.999739 1.62487
0.997126 -0.075711 0.00290274 186.371 0.0756578 0.997015 0.0153956 -68.598 -0.00405969 -0.0151318 0.999877 1.62241
0.997015 -0.0769259 0.00653639 187.237 0.0767494 0.996763 0.0239542 -68.5202 -0.00835793 -0.023381 0.999692 1.6193
0.996809 -0.0783158 0.015433 188.102 0.0778285 0.996516 0.0299857 -68.4474 -0.0177276 -0.0286889 0.999431 1.60261
0.996625 -0.0797403 0.0194905 188.958 0.0791843 0.996472 0.0278037 -68.3741 -0.0216388 -0.0261665 0.999423 1.60767
0.996599 -0.0806407 0.0169595 189.795 0.0802069 0.996468 0.0248686 -68.3017 -0.018905 -0.0234237 0.999547 1.60999
0.996704 -0.0802963 0.0115501 190.627 0.0799907 0.996486 0.0248514 -68.2309 -0.013505 -0.0238456 0.999624 1.61461
0.996692 -0.0806619 0.00994828 191.465 0.0802727 0.996167 0.034739 -68.141 -0.0127123 -0.0338255 0.999347 1.60259
0.996633 -0.0810523 0.0123673 192.306 0.0805271 0.996017 0.0382835 -68.0683 -0.015421 -0.0371587 0.99919 1.59506
0.996529 -0.0818897 0.0149674 193.137 0.0811583 0.995718 0.0442561 -67.9863 -0.0185274 -0.0428877 0.998908 1.58884
0.996484 -0.0820148 0.0171351 193.967 0.0810933 0.995506 0.048907 -67.9116 -0.0210692 -0.0473455 0.998656 1.57876
0.996427 -0.082721 0.0170472 194.798 0.0818138 0.995472 0.0483952 -67.8322 -0.0209733 -0.0468276 0.998683 1.56898
0.99644 -0.0831629 0.0138471 195.623 0.0824393 0.995511 0.0464969 -67.764 -0.0176518 -0.0451898 0.998822 1.57173
0.996408 -0.0842125 0.00888777 196.44 0.083702 0.995365 0.0473461 -67.6873 -0.0128337 -0.0464321 0.998839 1.57223
0.996292 -0.0855144 0.00941599 197.243 0.0849409 0.995126 0.0500928 -67.6096 -0.0136538 -0.0491073 0.9987 1.57652
0.996003 -0.0875748 0.0175877 198.054 0.0865478 0.994864 0.05249 -67.5346 -0.0220942 -0.050758 0.998467 1.55353
0.995651 -0.0892303 0.0267699 198.838 0.0878161 0.99488 0.0500265 -67.4662 -0.0310967 -0.0474581 0.998389 1.54925
